-0.11	-0.85	0.857088	8.68032e-009	53.4884
-0.46	-0.7	0.837616	9.45071e-009	53.8576
-0.47	-0.25	0.532353	5.05581e-008	61.1409
0.34	-0.69	0.76922	1.29522e-008	55.2264
-0.11	0.19	0.219545	1.33996e-006	75.3739
0.15	0.52	0.541202	4.75663e-008	60.876
0.43	-0.26	0.502494	6.2596e-008	62.0685
-0.55	0.14	0.567539	3.98976e-008	60.1125
0.23	0.24	0.332415	2.88742e-007	68.7081
0.26	-0.11	0.282312	5.28484e-007	71.3333
0.46	0.49	0.672086	2.13431e-008	57.3956
-0.15	-0.26	0.300167	4.21201e-007	70.3479
-0.24	0.02	0.240832	9.51455e-007	73.8869
-0.19	-0.34	0.389487	1.6066e-007	66.1621
-0.63	0.15	0.647611	2.44832e-008	57.9917
-0.63	0	0.63	2.71125e-008	58.4347
-0.65	-0.05	0.65192	2.38897e-008	57.8851
-0.3	-0.79	0.845044	9.14694e-009	53.7158
-0.39	-0.35	0.524023	5.35962e-008	61.3943
0.24	-0.85	0.883233	7.76698e-009	53.0055
0.13	0.86	0.86977	8.22117e-009	53.2523
-0.47	0.03	0.470956	7.95612e-008	63.11
0.44	-0.5	0.666033	2.20697e-008	57.541
-0.79	-0.1	0.796304	1.13956e-008	54.6704
-0.23	-0.05	0.235372	1.03571e-006	74.2554
-0.05	0.18	0.186815	2.43502e-006	77.968
0.62	0.07	0.623939	2.80998e-008	58.59
-0.26	0.15	0.300167	4.21201e-007	70.3479
-0.75	-0.23	0.784474	1.20445e-008	54.9109
-0.15	-0.15	0.212132	1.52155e-006	75.9259
0.09	-0.23	0.246982	8.66702e-007	73.4817
0.37	0.35	0.509313	5.95505e-008	61.8519
0.63	-0.51	0.810555	1.06717e-008	54.3853
-0.54	0.63	0.829759	9.78606e-009	54.0091
0.29	-0.02	0.290689	4.74291e-007	70.8635
-0.32	0.28	0.425206	1.16122e-007	64.7521
0.02	-0.52	0.520384	5.49959e-008	61.5063
0.54	-0.2	0.575847	3.78088e-008	59.8789
-0.91	0.1	0.915478	6.80194e-009	52.4293
-0.66	0.16	0.679117	2.05369e-008	57.2283
-0.62	-0.34	0.707107	1.76862e-008	56.5794
0.48	0.74	0.882043	7.80581e-009	53.0272
0.86	0.22	0.887694	7.62354e-009	52.9246
-0.23	-0.64	0.680074	2.04302e-008	57.2057
-0.02	0.76	0.760263	1.35258e-008	55.4146
0.37	-0.46	0.590339	3.4487e-008	59.4795
0.09	-0.31	0.3228	3.21866e-007	69.1797
0.52	0.53	0.742496	1.47626e-008	55.7946
0.43	-0.12	0.44643	9.69709e-008	63.9694
-0.52	0.79	0.94578	6.02985e-009	51.9061
0.27	-0.52	0.585918	3.54596e-008	59.6003
0.25	0.79	0.828613	9.83621e-009	54.0313
0.61	0.39	0.724017	1.62054e-008	56.1996
0.15	-0.39	0.417852	1.23865e-007	65.0325
-0.6	-0.69	0.914385	6.83207e-009	52.4485
-0.37	0.36	0.516236	5.66487e-008	61.6349
0.59	0.43	0.730068	1.57139e-008	56.0658
-0.38	-0.34	0.509902	5.92965e-008	61.8333
0.07	-0.62	0.623939	2.80998e-008	58.59
-0.4	-0.27	0.482597	7.26886e-008	62.7177
0.43	0.2	0.474236	7.75442e-008	62.9985
-0.51	0.66	0.834086	9.59952e-009	53.9255
-0.45	0.66	0.798812	1.12638e-008	54.6199
0.4	0.08	0.407922	1.35393e-007	65.419
0.4	0.81	0.903383	7.14504e-009	52.643
0.47	0.07	0.475184	7.69734e-008	62.9664
-0.29	-0.62	0.684471	1.99488e-008	57.1022
0.01	0.43	0.430116	1.11292e-007	64.5676
0.65	0.55	0.851469	8.89416e-009	53.594
-0.78	-0.11	0.787718	1.1862e-008	54.8446
-0.5	-0.67	0.836002	9.51836e-009	53.8886
0.31	-0.46	0.554707	4.34204e-008	60.4799
0.48	0	0.48	7.41545e-008	62.8044
0.53	0.28	0.599416	3.25937e-008	59.2343
0.55	0.07	0.554437	4.34989e-008	60.4878
-0.22	0.73	0.76243	1.33841e-008	55.3689
-0.9	0.05	0.901388	7.20372e-009	52.6786
0.62	0.55	0.828794	9.82827e-009	54.0278
-0.67	-0.15	0.686586	1.97224e-008	57.0526
0.65	0.56	0.857963	8.64763e-009	53.472
-0.47	0.02	0.470425	7.9894e-008	63.1281
0.17	0.68	0.700928	1.827e-008	56.7204
0.02	0.29	0.290689	4.74291e-007	70.8635
-0.09	0.43	0.439318	1.02908e-007	64.2275
0.28	-0.06	0.286356	5.01389e-007	71.1047
-0.18	-0.83	0.849294	8.97874e-009	53.6352
0.75	0.4	0.85	8.95117e-009	53.6218
-0.8	-0.07	0.803057	1.10451e-008	54.5347
-0.72	0.12	0.729932	1.57248e-008	56.0689
-0.27	-0.64	0.694622	1.88912e-008	56.8656
-0.1	0.64	0.647765	2.44616e-008	57.9878
-0.26	0.73	0.774919	1.26032e-008	55.1078
-0.56	-0.73	0.920054	6.6776e-009	52.3492
0.13	0.51	0.526308	5.27403e-008	61.3244
0.5	0.27	0.568243	3.9715e-008	60.0925
0.39	-0.07	0.396232	1.5077e-007	65.8862
-0.22	-0.55	0.592368	3.40519e-008	59.4244
-0.15	-0.54	0.560446	4.17979e-008	60.3145
-0.44	0.09	0.44911	9.48471e-008	63.8732
0.77	0.05	0.771622	1.28036e-008	55.1763
0.52	-0.53	0.742496	1.47626e-008	55.7946
0.6	0.15	0.618466	2.9031e-008	58.7316
-0.65	-0.17	0.671863	2.13693e-008	57.4009
0.32	-0.08	0.329848	2.97144e-007	68.8327
0.55	0.42	0.692026	1.91548e-008	56.9258
-0.21	0.77	0.798123	1.12998e-008	54.6337
0.33	-0.7	0.773886	1.26656e-008	55.1292
0.32	0.79	0.85235	8.86021e-009	53.5774
0.08	-0.58	0.585491	3.55553e-008	59.612
-0.16	-0.06	0.17088	3.38666e-006	79.4007
0.29	-0.15	0.326497	3.08588e-007	68.9968
0.86	-0.18	0.878635	7.91841e-009	53.0894
-0.52	-0.19	0.553624	4.37355e-008	60.5113
0.07	0.12	0.138924	7.28533e-006	82.7275
0.4	0.72	0.82365	1.00573e-008	54.1278
-0.66	0.29	0.720902	1.6466e-008	56.2689
0.27	0.43	0.50774	6.02361e-008	61.9016
-0.24	0.61	0.655515	2.34085e-008	57.7967
-0.07	0.74	0.743303	1.47033e-008	55.7772
0.29	-0.13	0.317805	3.40985e-007	69.4304
-0.5	-0.13	0.516624	5.64918e-008	61.6229
0.71	0.15	0.725672	1.60691e-008	56.1629
-0.42	-0.65	0.773886	1.26656e-008	55.1292
-0.33	-0.13	0.354683	2.27154e-007	67.6662
0.22	0.44	0.491935	6.77129e-008	62.4097
-0.28	-0.43	0.513128	5.7929e-008	61.732
0.04	-0.38	0.382099	1.72456e-007	66.4698
-0.24	-0.83	0.864002	8.42607e-009	53.3592
0.02	-0.28	0.280713	5.39705e-007	71.4246
0.2	0.77	0.79555	1.14356e-008	54.6856
-0.35	0.81	0.882383	7.79468e-009	53.021
0.61	-0.62	0.86977	8.22117e-009	53.2523
0.3	0.34	0.453431	9.15456e-008	63.7194
-0.38	0.71	0.805295	1.09319e-008	54.49
-0.39	0.76	0.854225	8.78846e-009	53.5421
0.61	0.41	0.734983	1.53287e-008	55.958
-0.44	0.03	0.441022	1.01445e-007	64.1653
-0.55	0.34	0.646607	2.46242e-008	58.0166
-0.45	-0.58	0.734098	1.53971e-008	55.9774
-0.52	0.69	0.864002	8.42607e-009	53.3592
-0.15	0.35	0.380789	1.74662e-007	66.525
-0.65	-0.52	0.832406	9.6714e-009	53.9579
-0.03	-0.37	0.371214	1.91919e-007	66.9342
0.32	0.29	0.431856	1.09641e-007	64.5027
0.38	0.23	0.444185	9.87973e-008	64.0504
-0.29	-0.61	0.675426	2.09552e-008	57.3159
-0.3	0.43	0.524309	5.34881e-008	61.3856
0.81	0.08	0.813941	1.05084e-008	54.3184
0.56	0.47	0.731095	1.56324e-008	56.0433
0.43	-0.39	0.580517	3.66957e-008	59.7491
-0.87	-0.01	0.870057	8.21112e-009	53.247
0.1	0.07	0.122066	1.17581e-005	84.8064
-0.37	0.07	0.376563	1.82024e-007	66.7043
-0.66	-0.09	0.666108	2.20605e-008	57.5391
0.49	0.11	0.502195	6.27338e-008	62.078
-0.15	0.6	0.618466	2.9031e-008	58.7316
-0.44	0.85	0.957131	5.76947e-009	51.7144
0.47	0.35	0.586003	3.54405e-008	59.598
-0.46	-0.5	0.679412	2.0504e-008	57.2214
-0.28	-0.13	0.308707	3.79672e-007	69.8971
-0.04	-0.32	0.32249	3.23012e-007	69.1952
-0.25	-0.59	0.640781	2.54627e-008	58.162
-0.3	0.16	0.34	2.65618e-007	68.3456
0.8	-0.05	0.801561	1.11215e-008	54.5646
-0.44	0.77	0.886848	7.65046e-009	52.9399
0.37	0.28	0.464004	8.40618e-008	63.349
0.26	0.06	0.266833	6.51092e-007	72.2394
0.08	0.18	0.196977	2.00166e-006	77.1169
0.06	-0.39	0.394588	1.53107e-007	65.953
0.06	-0.34	0.345254	2.50968e-007	68.0992
0.51	-0.6	0.787464	1.18762e-008	54.8498
0.56	-0.05	0.562228	4.131e-008	60.2635
-0.26	0.22	0.340588	2.63926e-007	68.3178
0.3	-0.1	0.316228	3.4732e-007	69.5103
-0.51	-0.61	0.79511	1.14591e-008	54.6945
-0.62	-0.08	0.62514	2.79006e-008	58.5591
-0.51	0.25	0.567979	3.97833e-008	60.1
-0.21	0.08	0.224722	1.22925e-006	74.9994
-0.11	-0.66	0.669104	2.16972e-008	57.467
0.68	-0.43	0.80455	1.09694e-008	54.5048
0.24	0.26	0.353836	2.29172e-007	67.7046
0.14	-0.71	0.723671	1.62341e-008	56.2073
-0.56	0.31	0.640078	2.55663e-008	58.1797
-0.53	0.06	0.533385	5.0197e-008	61.1098
0.65	0.4	0.763217	1.33331e-008	55.3523
0.54	0.62	0.822192	1.01235e-008	54.1563
0.11	-0.34	0.357351	2.20941e-007	67.5458
0.28	0.39	0.480104	7.4095e-008	62.8009
-0.66	-0.45	0.798812	1.12638e-008	54.6199
0.37	-0.59	0.696419	1.87115e-008	56.8241
-0.28	0.48	0.555698	4.31347e-008	60.4513
0.64	0.26	0.690797	1.92812e-008	56.9543
0.45	0.63	0.774209	1.2646e-008	55.1225
0.68	0.33	0.755844	1.38207e-008	55.5083
-0.8	-0.21	0.827103	9.90282e-009	54.0606
-0.54	-0.7	0.884081	7.73942e-009	52.9901
0.75	-0.23	0.784474	1.20445e-008	54.9109
-0.46	0.1	0.470744	7.96941e-008	63.1173
0.95	0.05	0.951315	5.90106e-009	51.8123
-0.07	0.45	0.455412	9.00811e-008	63.6493
-0.37	0.64	0.739256	1.50033e-008	55.8649
0.57	-0.54	0.785175	1.20048e-008	54.8965
-0.44	-0.33	0.55	4.48114e-008	60.6169
0.57	0.28	0.635059	2.63219e-008	58.3062
-0.49	-0.82	0.955249	5.81165e-009	51.746
0.38	-0.24	0.449444	9.45867e-008	63.8613
-0.03	0.48	0.480937	7.36216e-008	62.7731
0.54	0.02	0.54037	4.78379e-008	60.9007
0.57	0.34	0.663702	2.23579e-008	57.5973
0.32	-0.22	0.38833	1.62438e-007	66.2099
0.26	-0.5	0.56356	4.09497e-008	60.2255
-0.6	0.3	0.67082	2.14925e-008	57.4259
-0.19	-0.23	0.298329	4.30882e-007	70.4466
-0.37	-0.46	0.590339	3.4487e-008	59.4795
-0.65	0.42	0.773886	1.26656e-008	55.1292
-0.1	-0.36	0.373631	1.87367e-007	66.8299
-0.41	-0.66	0.776981	1.24799e-008	55.0651
0.48	0.66	0.816088	1.04065e-008	54.276
-0.27	0.29	0.396232	1.5077e-007	65.8862
0.29	-0.7	0.757694	1.36963e-008	55.469
0	0.73	0.73	1.57194e-008	56.0674
0.08	-0.19	0.206155	1.69126e-006	76.3851
-0.11	-0.2	0.228254	1.16033e-006	74.7488
-0.2	-0.03	0.202237	1.81569e-006	76.6934
0.47	0.01	0.470106	8.00948e-008	63.139
-0.33	-0.64	0.720069	1.65365e-008	56.2874
-0.23	0.51	0.559464	4.207e-008	60.3427
0.49	0.72	0.870919	8.18111e-009	53.2311
0.71	-0.06	0.712531	1.71932e-008	56.4566
0.03	0.76	0.760592	1.35042e-008	55.4077
0.08	0.54	0.545894	4.60712e-008	60.7373
-0.03	0.16	0.162788	4.05252e-006	80.1803
0.24	0.45	0.51	5.92544e-008	61.8302
0.49	0.67	0.83006	9.77292e-009	54.0032
-0.38	-0.83	0.912853	6.8746e-009	52.4755
-0.27	-0.44	0.516236	5.66487e-008	61.6349
0.5	-0.75	0.901388	7.20372e-009	52.6786
0.75	-0.27	0.79712	1.13525e-008	54.6539
0.47	0.8	0.927847	6.47243e-009	52.2137
-0.39	0.39	0.551543	4.43492e-008	60.5719
0.2	-0.1	0.223607	1.25209e-006	75.0794
-0.02	-0.6	0.600333	3.24099e-008	59.2098
-0.18	0.27	0.3245	3.15673e-007	69.0954
-0.54	-0.11	0.55109	4.44843e-008	60.5851
0.23	0.1	0.250799	8.18891e-007	73.2353
0.18	0.15	0.234307	1.05323e-006	74.3282
-0.51	0.52	0.728354	1.58512e-008	56.1036
-0.56	0.02	0.560357	4.18225e-008	60.3171
-0.48	0.24	0.536656	4.90743e-008	61.0115
-0.07	-0.11	0.130384	9.21297e-006	83.747
-0.72	0.41	0.828553	9.83887e-009	54.0324
-0.48	-0.75	0.890449	7.53661e-009	52.8748
0.45	0.57	0.726223	1.6024e-008	56.1507
-0.34	0.46	0.572014	3.87548e-008	59.9863
0.4	-0.65	0.763217	1.33331e-008	55.3523
-0.28	-0.33	0.432782	1.08777e-007	64.4684
-0.33	0.38	0.503289	6.22307e-008	62.043
-0.07	-0.07	0.0989949	2.55248e-005	88.1726
0.73	-0.31	0.793095	1.15671e-008	54.7353
-0.71	0.21	0.740405	1.49174e-008	55.8399
0.02	-0.29	0.290689	4.74291e-007	70.8635
-0.03	0.11	0.114018	1.51333e-005	85.9023
-0.48	0.7	0.848764	8.99951e-009	53.6452
-0.35	0.19	0.398246	1.47968e-007	65.8047
-0.37	-0.33	0.495782	6.5789e-008	62.2845
-0.21	0.78	0.807775	1.08083e-008	54.4406
-0.08	0.17	0.187883	2.38422e-006	77.8765
-0.68	0.27	0.731642	1.55892e-008	56.0313
-0.07	0.19	0.202485	1.80751e-006	76.6738
-0.07	0.78	0.783135	1.21209e-008	54.9384
0.63	0.59	0.863134	8.45748e-009	53.3754
0	-0.77	0.77	1.29037e-008	55.2101
-0.39	-0.76	0.854225	8.78846e-009	53.5421
0.12	-0.67	0.680661	2.0365e-008	57.1918
-0.21	0.22	0.304138	4.01206e-007	70.1367
-0.81	-0.27	0.853815	8.80408e-009	53.5498
-0.07	-0.54	0.544518	4.65034e-008	60.7778
0.81	-0.04	0.810987	1.06507e-008	54.3768
0.72	0.03	0.720625	1.64894e-008	56.2751
-0.78	-0.14	0.792465	1.16012e-008	54.748
0.92	-0.13	0.929139	6.43918e-009	52.1913
-0.7	0.23	0.736817	1.51879e-008	55.918
-0.61	0.41	0.734983	1.53287e-008	55.958
-0.56	-0.35	0.660379	2.2777e-008	57.678
-0.05	0.16	0.167631	3.636e-006	79.7092
-0.27	0.56	0.621691	2.84776e-008	58.648
-0.42	-0.6	0.732393	1.55302e-008	56.0148
-0.38	-0.69	0.787718	1.1862e-008	54.8446
-0.39	0.05	0.393192	1.55129e-007	66.0099
0.36	-0.12	0.379473	1.76913e-007	66.5806
-0.04	0.63	0.631269	2.69115e-008	58.4024
-0.29	0.58	0.64846	2.43648e-008	57.9706
-0.93	0.1	0.935361	6.28213e-009	52.0841
-0.51	-0.56	0.75743	1.3714e-008	55.4746
-0.32	-0.33	0.459674	8.70294e-008	63.4997
0.62	0.25	0.668506	2.17691e-008	57.4814
0.42	-0.39	0.573149	3.84715e-008	59.9544
0.16	-0.55	0.5728	3.85584e-008	59.9642
0.57	0.56	0.799062	1.12508e-008	54.6148
-0.25	0.81	0.847703	9.04125e-009	53.6653
0.01	0.26	0.260192	7.14728e-007	72.6444
0.06	0.27	0.276586	5.70107e-007	71.6626
-0.67	-0.55	0.866833	8.3247e-009	53.3067
-0.17	-0.1	0.197231	1.99216e-006	77.0962
-0.44	-0.02	0.440454	1.01929e-007	64.186
-0.18	-0.62	0.6456	2.47665e-008	58.0416
0.11	-0.02	0.111803	1.62722e-005	86.2175
0.94	0.03	0.940479	6.15657e-009	51.9964
0.03	-0.45	0.450999	9.33858e-008	63.8058
0.45	-0.21	0.496588	6.53947e-008	62.2584
-0.22	-0.48	0.528015	5.21121e-008	61.2724
-0.01	0.35	0.350143	2.38244e-007	67.8732
-0.43	-0.57	0.714003	1.70624e-008	56.4234
-0.56	0.44	0.71218	1.72246e-008	56.4645
0.72	-0.14	0.733485	1.54448e-008	55.9908
0.04	0.72	0.72111	1.64484e-008	56.2642
-0.45	0.26	0.519711	5.52598e-008	61.5271
0.19	0.8	0.822253	1.01207e-008	54.1551
0.45	-0.07	0.455412	9.00811e-008	63.6493
0.44	0.37	0.574891	3.8042e-008	59.9056
-0.37	-0.46	0.590339	3.4487e-008	59.4795
-0.72	-0.01	0.720069	1.65365e-008	56.2874
0.55	-0.23	0.596154	3.32585e-008	59.322
-0.24	0.63	0.674166	2.11005e-008	57.3459
0.3	0.4	0.5	6.37589e-008	62.1484
0	0.19	0.19	2.2874e-006	77.6964
-0.54	-0.68	0.868332	8.27167e-009	53.2789
0.77	-0.36	0.85	8.95117e-009	53.6218
-0.07	-0.18	0.193132	2.15312e-006	77.4337
-0.5	-0.75	0.901388	7.20372e-009	52.6786
0.12	0.68	0.690507	1.93111e-008	56.9611
0.48	0.33	0.582495	3.62368e-008	59.6945
-0.01	0.12	0.120416	1.23651e-005	85.025
0.13	-0.03	0.133417	8.46161e-006	83.3775
-0.23	0.55	0.596154	3.32585e-008	59.322
0.1	0	0.1	2.45884e-005	88.0103
0.11	0.84	0.847172	9.06224e-009	53.6754
0.18	-0.84	0.859069	8.60648e-009	53.4513
0.45	-0.47	0.650692	2.4057e-008	57.9154
0.85	0.04	0.850941	8.91462e-009	53.604
0.27	-0.65	0.703847	1.79913e-008	56.6536
0.23	0.04	0.233452	1.06757e-006	74.387
-0.75	0.02	0.750267	1.42047e-008	55.6273
0.18	0.83	0.849294	8.97874e-009	53.6352
-0.23	0.85	0.880568	7.8543e-009	53.0541
-0.31	0.56	0.640078	2.55663e-008	58.1797
0.52	0.51	0.728354	1.58512e-008	56.1036
0.44	-0.33	0.55	4.48114e-008	60.6169
0.57	0.49	0.751665	1.41072e-008	55.5974
0.63	0.6	0.87	8.21313e-009	53.2481
-0.57	0.48	0.745185	1.45665e-008	55.7365
0.03	0.17	0.172627	3.26159e-006	79.2373
-0.47	0.61	0.770065	1.28997e-008	55.2088
-0.48	0.61	0.776209	1.25259e-008	55.0811
-0.05	0.33	0.333766	2.84441e-007	68.6429
0.86	0	0.86	8.57207e-009	53.4339
-0.04	-0.53	0.531507	5.08564e-008	61.1665
0.3	-0.06	0.305941	3.92527e-007	70.0417
0.34	0.8	0.869253	8.23929e-009	53.2619
-0.31	0.08	0.320156	3.31811e-007	69.3119
0.34	-0.41	0.532635	5.04592e-008	61.1324
0.57	0.58	0.813204	1.05437e-008	54.3329
-0.05	0.7	0.701783	1.81877e-008	56.7008
0.77	-0.15	0.784474	1.20445e-008	54.9109
0.03	0.31	0.311448	3.67453e-007	69.755
0.14	-0.41	0.433244	1.08348e-007	64.4512
-0.05	0.38	0.383275	1.70506e-007	66.4204
0.17	-0.02	0.171172	3.36531e-006	79.3732
0.74	-0.05	0.741687	1.48222e-008	55.8121
0.64	0.44	0.77666	1.2499e-008	55.0718
0.14	-0.44	0.461736	8.56e-008	63.4277
0.29	0.44	0.526972	5.24946e-008	61.3041
-0.49	-0.23	0.541295	4.75363e-008	60.8732
-0.26	0.46	0.528394	5.1974e-008	61.2609
-0.61	0.53	0.808084	1.0793e-008	54.4344
-0.52	0.39	0.65	2.41519e-008	57.9325
0.53	-0.44	0.68884	1.94847e-008	56.9999
0.19	-0.07	0.202485	1.80751e-006	76.6738
-0.32	0.68	0.751532	1.41164e-008	55.6002
-0.39	-0.6	0.715612	1.69209e-008	56.3872
0.18	-0.47	0.503289	6.22307e-008	62.043
0.83	-0.21	0.856154	8.71541e-009	53.5059
0.47	0.47	0.66468	2.22363e-008	57.5736
-0.29	-0.63	0.693542	1.90004e-008	56.8906
0.22	-0.55	0.592368	3.40519e-008	59.4244
0.24	0.57	0.618466	2.9031e-008	58.7316
-0.49	0.39	0.626259	2.77167e-008	58.5304
-0.79	-0.13	0.800625	1.11697e-008	54.5834
0.31	-0.17	0.353553	2.29851e-007	67.7175
0.33	-0.4	0.518556	5.57169e-008	61.5629
0.84	-0.09	0.844808	9.15643e-009	53.7203
-0.17	0.21	0.270185	6.21703e-007	72.0388
-0.49	0.41	0.638905	2.57404e-008	58.2091
0.13	0.27	0.299666	4.23808e-007	70.3747
-0.73	0.01	0.730068	1.57139e-008	56.0658
-0.62	0.23	0.661287	2.26615e-008	57.6559
-0.11	0.47	0.482701	7.26309e-008	62.7142
0.1	-0.73	0.736817	1.51879e-008	55.918
-0.63	0.36	0.725603	1.60747e-008	56.1644
0.65	0.11	0.659242	2.29226e-008	57.7056
0.28	0.06	0.286356	5.01389e-007	71.1047
-0.44	-0.65	0.78492	1.20192e-008	54.9018
-0.07	-0.7	0.703491	1.80249e-008	56.6617
0.12	0.52	0.533667	5.00992e-008	61.1013
0.07	-0.66	0.663702	2.23579e-008	57.5973
0.04	-0.17	0.174642	3.12446e-006	79.0508
-0.77	0.11	0.777817	1.24303e-008	55.0478
-0.39	0.37	0.537587	4.87606e-008	60.9837
-0.46	-0.04	0.461736	8.56e-008	63.4277
-0.71	-0.5	0.868389	8.26964e-009	53.2779
0.66	0.54	0.85276	8.84444e-009	53.5697
-0.09	-0.51	0.51788	5.59862e-008	61.5838
-0.01	0.09	0.0905539	3.54956e-005	89.6047
-0.18	0.22	0.284253	5.15251e-007	71.2232
-0.46	0.26	0.528394	5.1974e-008	61.2609
-0.17	-0.71	0.730068	1.57139e-008	56.0658
-0.66	0.07	0.663702	2.23579e-008	57.5973
-0.12	-0.26	0.286356	5.01389e-007	71.1047
0.53	0.45	0.69527	1.88262e-008	56.8506
-0.66	-0.07	0.663702	2.23579e-008	57.5973
-0.43	0.85	0.952575	5.87222e-009	51.791
-0.29	-0.45	0.53535	4.95187e-008	61.0507
0.38	-0.17	0.416293	1.25589e-007	65.0925
0.45	-0.48	0.657951	2.30894e-008	57.7371
0.33	-0.82	0.883912	7.74492e-009	52.9932
-0.42	0.47	0.630317	2.70621e-008	58.4266
-0.04	-0.37	0.372156	1.90129e-007	66.8935
0.04	-0.84	0.840952	9.31273e-009	53.7938
-0.74	-0.35	0.818596	1.0289e-008	54.2267
-0.18	-0.22	0.284253	5.15251e-007	71.2232
-0.84	0.05	0.841487	9.29084e-009	53.7835
0.67	-0.34	0.751332	1.41303e-008	55.6045
-0.7	-0.48	0.848764	8.99951e-009	53.6452
-0.54	-0.53	0.756637	1.37672e-008	55.4915
0.25	-0.1	0.269258	6.29658e-007	72.094
0.46	0.55	0.717008	1.67993e-008	56.3559
0.14	0.55	0.567539	3.98976e-008	60.1125
-0.81	0.09	0.814985	1.04587e-008	54.2978
-0.34	0.55	0.646607	2.46242e-008	58.0166
-0.01	-0.52	0.520096	5.51088e-008	61.5152
0.18	-0.82	0.839524	9.37148e-009	53.8211
0.25	0.18	0.308058	3.82638e-007	69.9309
0.56	-0.26	0.617414	2.92144e-008	58.759
0.26	-0.04	0.263059	6.86331e-007	72.4683
0.18	0.15	0.234307	1.05323e-006	74.3282
-0.53	-0.6	0.800562	1.1173e-008	54.5847
0.64	0.56	0.850412	8.93515e-009	53.614
0.28	-0.25	0.375366	1.84181e-007	66.7554
-0.81	-0.04	0.810987	1.06507e-008	54.3768
0.16	0.35	0.384838	1.67959e-007	66.355
-0.08	0.32	0.329848	2.97144e-007	68.8327
-0.75	-0.11	0.758024	1.36743e-008	55.462
-0.77	0.38	0.858662	8.62161e-009	53.4589
-0.42	-0.8	0.903549	7.14019e-009	52.6401
-0.28	-0.01	0.280179	5.43527e-007	71.4552
0.09	0.79	0.79511	1.14591e-008	54.6945
0.7	-0.49	0.854459	8.77956e-009	53.5377
0.75	0.22	0.781601	1.22091e-008	54.9699
-0.4	0.67	0.78032	1.22834e-008	54.9962
-0.4	0.01	0.400125	1.45414e-007	65.7291
0.72	-0.39	0.818841	1.02776e-008	54.2219
-0.27	0.31	0.411096	1.31565e-007	65.2944
-0.34	0.43	0.548179	4.53647e-008	60.6702
0.29	-0.71	0.766942	1.30951e-008	55.2741
-0.19	0.12	0.224722	1.22925e-006	74.9994
-0.18	-0.21	0.276586	5.70107e-007	71.6626
0.61	-0.31	0.684251	1.99725e-008	57.1073
0.55	-0.43	0.69814	1.85414e-008	56.7844
0.03	0.1	0.104403	2.09648e-005	87.3179
0.41	-0.58	0.710282	1.73955e-008	56.5074
-0.18	-0.61	0.636003	2.61777e-008	58.2823
0.61	0.66	0.898721	7.28312e-009	52.7262
0.52	-0.62	0.809197	1.07381e-008	54.4123
0.37	-0.53	0.646375	2.46569e-008	58.0224
-0.25	-0.7	0.743303	1.47033e-008	55.7772
-0.47	-0.74	0.876641	7.98526e-009	53.1259
-0.06	0.56	0.563205	4.10453e-008	60.2356
0.21	-0.75	0.778845	1.23697e-008	55.0266
0.54	0.72	0.9	7.24491e-009	52.7033
0.05	-0.07	0.0860233	4.29192e-005	90.4295
0.82	0.18	0.839524	9.37148e-009	53.8211
0.32	0.18	0.367151	1.99896e-007	67.111
0.02	-0.68	0.680294	2.04057e-008	57.2005
0.02	-0.37	0.37054	1.93214e-007	66.9634
0.57	0.39	0.690652	1.92962e-008	56.9577
0.29	0.56	0.630635	2.70117e-008	58.4185
-0.66	-0.35	0.747061	1.44315e-008	55.6961
0.21	0.43	0.478539	7.49954e-008	62.8533
-0.51	-0.35	0.618547	2.9017e-008	58.7295
-0.06	0.49	0.49366	6.68417e-008	62.3535
0.92	0.03	0.920489	6.66594e-009	52.3416
-0.08	0.82	0.823893	1.00463e-008	54.1231
0.25	-0.59	0.640781	2.54627e-008	58.162
-0.03	0.55	0.550818	4.45658e-008	60.593
0.44	-0.25	0.506063	6.09779e-008	61.9547
-0.78	-0.22	0.810432	1.06777e-008	54.3878
0.36	-0.32	0.481664	7.32112e-008	62.7488
0.12	0.31	0.332415	2.88742e-007	68.7081
-0.02	0.31	0.310644	3.70983e-007	69.7965
-0.6	-0.32	0.68	2.04384e-008	57.2075
0.38	-0.63	0.735731	1.52711e-008	55.9417
0.53	0.13	0.545711	4.61285e-008	60.7427
-0.42	-0.25	0.488774	6.93474e-008	62.5133
0.6	-0.68	0.906863	7.04411e-009	52.5813
0.03	0.42	0.42107	1.20398e-007	64.9092
0.51	0.57	0.764853	1.32279e-008	55.3179
0.42	-0.47	0.630317	2.70621e-008	58.4266
-0.41	-0.31	0.514004	5.75644e-008	61.7045
0.43	0.77	0.88193	7.80952e-009	53.0292
-0.45	-0.65	0.790569	1.17045e-008	54.7865
-0.02	0.5	0.5004	6.35706e-008	62.1356
-0.19	0.47	0.506952	6.05834e-008	61.9265
0.69	-0.24	0.730548	1.56758e-008	56.0553
0.42	0.63	0.757166	1.37317e-008	55.4802
0.16	-0.03	0.162788	4.05252e-006	80.1803
0.79	-0.28	0.838153	9.42832e-009	53.8473
0.12	-0.71	0.720069	1.65365e-008	56.2874
0.29	0.26	0.389487	1.6066e-007	66.1621
-0.6	-0.64	0.877268	7.96415e-009	53.1144
0.52	0.43	0.674759	2.10319e-008	57.3318
-0.34	-0.05	0.343657	2.5531e-007	68.1737
-0.56	0.18	0.588218	3.49494e-008	59.5374
-0.3	0.39	0.492037	6.76612e-008	62.4064
-0.36	0.74	0.822922	1.00903e-008	54.142
-0.61	-0.52	0.801561	1.11215e-008	54.5646
0.73	-0.14	0.743303	1.47033e-008	55.7772
-0.11	0.66	0.669104	2.16972e-008	57.467
-0.84	0.13	0.85	8.95117e-009	53.6218
0.94	-0.1	0.945304	6.04109e-009	51.9142
0.07	-0.2	0.211896	1.52783e-006	75.9437
0.4	-0.79	0.885494	7.69383e-009	52.9644
0.03	-0.63	0.630714	2.69992e-008	58.4165
-0.88	-0.13	0.88955	7.56482e-009	52.891
0.35	0.11	0.366879	2.00446e-007	67.123
-0.33	0.12	0.351141	2.35748e-007	67.8275
0.41	-0.05	0.413038	1.29291e-007	65.2187
0.09	0.66	0.666108	2.20605e-008	57.5391
-0.13	-0.33	0.354683	2.27154e-007	67.6662
0.53	-0.25	0.586003	3.54405e-008	59.598
0.73	0.15	0.745252	1.45616e-008	55.7351
0.25	0.73	0.771622	1.28036e-008	55.1763
0.65	-0.47	0.802122	1.10928e-008	54.5534
-0.26	0.52	0.581378	3.64951e-008	59.7253
-0.58	0.52	0.778974	1.23622e-008	55.024
0.28	-0.39	0.480104	7.4095e-008	62.8009
-0.14	0.44	0.461736	8.56e-008	63.4277
-0.05	0.2	0.206155	1.69126e-006	76.3851
0.41	-0.14	0.433244	1.08348e-007	64.4512
-0.55	0.49	0.736614	1.52035e-008	55.9224
-0.76	-0.12	0.769415	1.294e-008	55.2223
0.71	-0.19	0.734983	1.53287e-008	55.958
-0.19	0.64	0.667608	2.18777e-008	57.503
-0.56	-0.31	0.640078	2.55663e-008	58.1797
0.04	-0.5	0.501597	6.30109e-008	62.0972
0.44	0.28	0.521536	5.45478e-008	61.4708
-0.37	0.02	0.37054	1.93214e-007	66.9634
0.07	-0.64	0.643817	2.50213e-008	58.0861
0.23	-0.66	0.698928	1.84642e-008	56.7663
-0.61	0.58	0.841724	9.28114e-009	53.779
0.49	-0.21	0.533104	5.02951e-008	61.1183
0.07	0.58	0.584209	3.58449e-008	59.6473
-0.66	0.46	0.804487	1.09726e-008	54.5061
-0.59	0.46	0.748131	1.43553e-008	55.6731
0.24	-0.76	0.796994	1.13591e-008	54.6565
-0.1	-0.55	0.559017	4.21947e-008	60.3556
-0.08	0.3	0.310483	3.71696e-007	69.8049
-0.06	0.25	0.257099	7.47063e-007	72.8366
-0.48	0.77	0.907359	7.02987e-009	52.5725
0.45	0.22	0.500899	6.33365e-008	62.1195
0.25	0.3	0.390512	1.59104e-007	66.1198
-0.57	-0.51	0.764853	1.32279e-008	55.3179
0.84	-0.08	0.843801	9.19691e-009	53.7394
-0.29	-0.31	0.4245	1.16838e-007	64.7788
0.33	-0.48	0.582495	3.62368e-008	59.6945
0.38	-0.26	0.460435	8.64985e-008	63.4731
0.19	0.53	0.563028	4.10932e-008	60.2407
0.27	0.01	0.270185	6.21703e-007	72.0388
0.61	0.27	0.667083	2.19414e-008	57.5156
0.88	-0.19	0.900278	7.23664e-009	52.6984
0.75	-0.26	0.793788	1.15298e-008	54.7212
-0.45	-0.01	0.450111	9.40691e-008	63.8375
0.54	-0.32	0.627694	2.74829e-008	58.4936
0.15	0.42	0.445982	9.7332e-008	63.9856
0.36	-0.77	0.85	8.95117e-009	53.6218
-0.02	-0.21	0.21095	1.55333e-006	76.0156
-0.52	0.37	0.638201	2.58457e-008	58.2269
-0.04	0.66	0.661211	2.26711e-008	57.6577
-0.84	-0.16	0.855102	8.75514e-009	53.5256
0.06	-0.78	0.782304	1.21686e-008	54.9554
-0.83	0.13	0.840119	9.34693e-009	53.8097
-0.28	-0.39	0.480104	7.4095e-008	62.8009
-0.25	-0.49	0.550091	4.4784e-008	60.6142
-0.54	0.33	0.632851	2.66634e-008	58.3622
-0.48	0.16	0.505964	6.1022e-008	61.9579
0.8	0.27	0.844334	9.17544e-009	53.7293
-0.33	-0.12	0.351141	2.35748e-007	67.8275
-0.3	0.12	0.32311	3.20726e-007	69.1643
-0.47	-0.12	0.485077	7.1323e-008	62.6353
-0.36	-0.36	0.509117	5.96356e-008	61.8581
-0.6	-0.47	0.762168	1.34012e-008	55.3744
-0.08	0.04	0.0894427	3.71547e-005	89.8031
0.32	-0.42	0.528015	5.21121e-008	61.2724
0.11	-0.32	0.338378	2.70358e-007	68.4224
0.5	0.49	0.700071	1.83528e-008	56.74
0.61	-0.37	0.713442	1.71121e-008	56.436
0.18	-0.21	0.276586	5.70107e-007	71.6626
-0.35	0.14	0.376962	1.81314e-007	66.6873
-0.35	-0.07	0.356931	2.21905e-007	67.5647
0.11	0.4	0.414849	1.27214e-007	65.1484
-0.25	0.52	0.576975	3.75361e-008	59.8475
0.35	-0.05	0.353553	2.29851e-007	67.7175
-0.16	-0.24	0.288444	4.88092e-007	70.988
0.25	0.82	0.857263	8.67377e-009	53.4851
0.63	-0.3	0.697782	1.85766e-008	56.7927
0.18	0.44	0.475395	7.68474e-008	62.9593
0.48	-0.35	0.594054	3.36957e-008	59.3787
0.08	-0.16	0.178885	2.85892e-006	78.665
-0.39	-0.53	0.658027	2.30796e-008	57.7353
-0.29	-0.8	0.850941	8.91462e-009	53.604
-0.38	0.21	0.434166	1.07499e-007	64.417
0.25	-0.27	0.367967	1.9826e-007	67.0754
0.04	-0.03	0.05	0.000319552	99.1484
-0.41	-0.12	0.4272	1.14128e-007	64.6769
-0.34	0.77	0.841724	9.28114e-009	53.779
0.09	0.37	0.380789	1.74662e-007	66.525
-0.5	-0.64	0.812158	1.0594e-008	54.3536
-0.56	0.21	0.59808	3.2864e-008	59.2702
0.25	0.44	0.506063	6.09779e-008	61.9547
0.65	-0.06	0.652763	2.37757e-008	57.8643
0.14	0.45	0.471275	7.93625e-008	63.0992
-0.62	0.23	0.661287	2.26615e-008	57.6559
0.8	-0.14	0.812158	1.0594e-008	54.3536
0.29	0.72	0.776209	1.25259e-008	55.0811
0.66	0.27	0.713092	1.71432e-008	56.4439
0.09	0.83	0.834865	9.56642e-009	53.9105
0.44	-0.14	0.461736	8.56e-008	63.4277
0.16	-0.77	0.786448	1.19331e-008	54.8705
0.25	-0.44	0.506063	6.09779e-008	61.9547
-0.03	0.6	0.60075	3.23269e-008	59.1986
-0.51	-0.38	0.636003	2.61777e-008	58.2823
0.22	-0.43	0.483011	7.24582e-008	62.7039
0.29	0.59	0.657419	2.31586e-008	57.7501
-0.66	0.23	0.698928	1.84642e-008	56.7663
-0.38	-0.7	0.796492	1.13857e-008	54.6666
-0.57	-0.15	0.589406	3.46892e-008	59.5049
0.66	-0.5	0.82801	9.86277e-009	54.043
0.65	0.4	0.763217	1.33331e-008	55.3523
0.52	0.16	0.544059	4.66488e-008	60.7914
0.56	-0.7	0.896437	7.35201e-009	52.7671
0.31	-0.13	0.336155	2.77035e-007	68.5283
0.22	-0.78	0.810432	1.06777e-008	54.3878
0.18	0.6	0.626418	2.76905e-008	58.5263
-0.86	0.08	0.863713	8.43652e-009	53.3646
-0.71	-0.05	0.711758	1.72623e-008	56.474
0.48	0.25	0.541202	4.75663e-008	60.876
-0.6	-0.55	0.813941	1.05084e-008	54.3184
0.2	-0.77	0.79555	1.14356e-008	54.6856
0.09	-0.76	0.76531	1.31987e-008	55.3083
0	-0.09	0.09	3.63105e-005	89.7033
-0.54	0.52	0.749667	1.42468e-008	55.6402
0.35	-0.03	0.351283	2.35395e-007	67.821
0.26	-0.76	0.803243	1.10356e-008	54.531
-0.29	0.57	0.639531	2.56473e-008	58.1934
-0.54	-0.78	0.948683	5.96185e-009	51.8568
-0.82	0.07	0.822982	1.00875e-008	54.1409
0.37	0.1	0.383275	1.70506e-007	66.4204
-0.37	0.27	0.458039	8.8184e-008	63.5569
0.33	-0.55	0.641405	2.53712e-008	58.1464
-0.45	-0.77	0.891852	7.49284e-009	52.8495
-0.65	0.38	0.752928	1.40198e-008	55.5704
0.58	0.02	0.580345	3.6736e-008	59.7539
0.34	0.79	0.860058	8.56993e-009	53.4328
-0.48	-0.49	0.68593	1.97922e-008	57.0679
0.18	0.65	0.674463	2.10662e-008	57.3389
0.13	-0.13	0.183848	2.58365e-006	78.2253
0.43	-0.2	0.474236	7.75442e-008	62.9985
-0.23	-0.42	0.478853	7.48139e-008	62.8428
-0.5	0.35	0.610328	3.04892e-008	58.9445
0.35	0.39	0.524023	5.35962e-008	61.3943
-0.51	-0.53	0.735527	1.52867e-008	55.9462
0.38	-0.14	0.404969	1.39081e-007	65.5357
-0.36	-0.52	0.632456	2.67251e-008	58.3722
0.21	0.85	0.875557	8.02191e-009	53.1458
-0.76	-0.24	0.796994	1.13591e-008	54.6565
0.41	-0.24	0.475079	7.70365e-008	62.97
0.25	0.61	0.659242	2.29226e-008	57.7056
-0.5	0.12	0.514198	5.74839e-008	61.6985
0.47	-0.57	0.738783	1.5039e-008	55.8752
0.35	-0.12	0.37	1.9426e-007	66.9868
0.33	0.26	0.420119	1.21409e-007	64.9455
-0.1	-0.49	0.5001	6.37118e-008	62.1452
-0.03	0.42	0.42107	1.20398e-007	64.9092
-0.18	0.71	0.732462	1.55248e-008	56.0133
-0.19	-0.82	0.841724	9.28114e-009	53.779
-0.89	0.13	0.899444	7.26148e-009	52.7133
-0.05	0.78	0.781601	1.22091e-008	54.9699
0.89	-0.07	0.892749	7.46504e-009	52.8333
0.07	-0.53	0.534603	4.97754e-008	61.0731
-0.18	-0.13	0.222036	1.28518e-006	75.1926
0.75	0.32	0.815414	1.04383e-008	54.2893
0.35	0.7	0.782624	1.21502e-008	54.9488
0.62	-0.14	0.63561	2.62376e-008	58.2922
0.24	0.27	0.361248	2.12251e-007	67.3715
-0.41	0.82	0.916788	6.76605e-009	52.4064
-0.12	0.01	0.120416	1.23651e-005	85.025
-0.27	0.35	0.442041	1.00582e-007	64.1282
0.53	-0.72	0.894036	7.42535e-009	52.8102
0.52	0.11	0.531507	5.08564e-008	61.1665
-0.41	0.43	0.594138	3.3678e-008	59.3765
0.13	-0.61	0.623699	2.81399e-008	58.5962
-0.47	-0.31	0.563028	4.10932e-008	60.2407
0.39	-0.81	0.898999	7.27479e-009	52.7212
0.74	0.13	0.751332	1.41303e-008	55.6045
0.46	0.6	0.756042	1.38073e-008	55.5041
-0.07	-0.11	0.130384	9.21297e-006	83.747
-0.07	-0.79	0.793095	1.15671e-008	54.7353
0.58	-0.51	0.772334	1.276e-008	55.1615
0.41	0.19	0.451885	9.27101e-008	63.7743
0.26	0.32	0.412311	1.30137e-007	65.247
-0.17	0.55	0.575674	3.7851e-008	59.8838
-0.65	0.18	0.674463	2.10662e-008	57.3389
-0.17	0.8	0.817863	1.03231e-008	54.2411
-0.51	-0.1	0.519711	5.52598e-008	61.5271
0.4	0.83	0.921358	6.64271e-009	52.3265
-0.33	0.12	0.351141	2.35748e-007	67.8275
0.22	0.14	0.260768	7.08906e-007	72.6089
-0.12	0.58	0.592284	3.40698e-008	59.4267
-0.4	0.23	0.461411	8.58233e-008	63.4391
-0.42	-0.22	0.474131	7.76081e-008	63.0021
0.17	0.06	0.180278	2.77809e-006	78.5405
0.51	0.42	0.660681	2.27384e-008	57.6706
-0.14	0.29	0.322025	3.24743e-007	69.2184
-0.15	0.8	0.813941	1.05084e-008	54.3184
0.45	-0.25	0.514782	5.72434e-008	61.6803
0.1	0.53	0.539351	4.81731e-008	60.931
-0.14	-0.14	0.19799	1.96404e-006	77.0345
0.29	-0.32	0.431856	1.09641e-007	64.5027
-0.14	0.29	0.322025	3.24743e-007	69.2184
-0.35	0.58	0.677422	2.07277e-008	57.2685
0.3	-0.76	0.817068	1.03604e-008	54.2567
-0.25	-0.14	0.286531	5.00259e-007	71.095
-0.58	0.69	0.901388	7.20372e-009	52.6786
0.21	-0.73	0.759605	1.35692e-008	55.4285
-0.06	-0.64	0.642806	2.51671e-008	58.1113
0.91	0.08	0.91351	6.85632e-009	52.4639
-0.61	-0.45	0.758024	1.36743e-008	55.462
0.31	0	0.31	3.73845e-007	69.8299
-0.5	-0.39	0.634114	2.64674e-008	58.3301
-0.43	0.37	0.567274	3.99665e-008	60.12
0.43	0.75	0.864523	8.40731e-009	53.3496
-0.81	0.03	0.810555	1.06717e-008	54.3853
-0.16	-0.83	0.845281	9.13747e-009	53.7113
-0.73	0.02	0.730274	1.56976e-008	56.0613
0.57	0.15	0.589406	3.46892e-008	59.5049
-0.84	0.24	0.873613	8.08815e-009	53.1815
0.65	-0.35	0.738241	1.50798e-008	55.887
-0.55	0	0.55	4.48114e-008	60.6169
0.76	0.35	0.83672	9.4882e-009	53.8748
0.24	0.8	0.835225	9.5512e-009	53.9036
0.34	-0.64	0.724707	1.61484e-008	56.1843
-0.36	0.58	0.682642	2.01473e-008	57.1452
0.52	-0.27	0.585918	3.54596e-008	59.6003
0.12	0.15	0.192094	2.1965e-006	77.5203
0.52	0.83	0.979439	5.29803e-009	51.3441
0.79	-0.13	0.800625	1.11697e-008	54.5834
0.62	0.42	0.748866	1.43033e-008	55.6574
0.43	-0.29	0.518652	5.56786e-008	61.5599
0.31	0.02	0.310644	3.70983e-007	69.7965
0.07	-0.19	0.202485	1.80751e-006	76.6738
-0.1	-0.69	0.697209	1.86332e-008	56.8059
-0.24	0.32	0.4	1.45582e-007	65.7341
-0.58	0.46	0.74027	1.49275e-008	55.8429
-0.45	-0.82	0.935361	6.28213e-009	52.0841
-0.13	0.75	0.761183	1.34654e-008	55.3952
0.78	0.22	0.810432	1.06777e-008	54.3878
0.57	0.64	0.85703	8.68251e-009	53.4895
0.34	0.1	0.354401	2.27824e-007	67.679
0.32	-0.72	0.787909	1.18514e-008	54.8407
0.61	-0.25	0.659242	2.29226e-008	57.7056
0.35	0.55	0.65192	2.38897e-008	57.8851
0.38	0.46	0.596657	3.31549e-008	59.3085
-0.54	-0.31	0.622656	2.83148e-008	58.6231
0.05	-0.04	0.0640312	0.000127962	95.1738
-0.43	0.01	0.430116	1.11292e-007	64.5676
0.14	-0.03	0.143178	6.51606e-006	82.2429
0.73	-0.03	0.730616	1.56704e-008	56.0538
0.35	0.08	0.359026	2.17151e-007	67.4706
-0.61	-0.49	0.782432	1.21612e-008	54.9528
-0.49	0.37	0.614003	2.98194e-008	58.848
0.03	-0.36	0.361248	2.12251e-007	67.3715
0.29	0.62	0.684471	1.99488e-008	57.1022
-0.92	0.02	0.920217	6.67322e-009	52.3464
-0.58	-0.21	0.616847	2.93139e-008	58.7737
0.45	0.08	0.457056	8.88882e-008	63.5914
0.65	-0.32	0.7245	1.61655e-008	56.1889
-0.42	0.41	0.586941	3.52314e-008	59.5723
0.67	0.37	0.765376	1.31945e-008	55.3069
0.27	0.04	0.272947	5.98744e-007	71.8754
0.28	0.14	0.31305	3.60547e-007	69.6726
0.79	-0.18	0.810247	1.06868e-008	54.3915
0.36	-0.56	0.665733	2.21065e-008	57.5482
0.16	0.34	0.375766	1.83458e-007	66.7384
0.01	0.79	0.790063	1.17322e-008	54.7968
0.09	0.77	0.775242	1.25838e-008	55.1011
0.49	-0.34	0.596406	3.32066e-008	59.3152
-0.49	0.25	0.550091	4.4784e-008	60.6142
0.36	0.84	0.913893	6.8457e-009	52.4572
0.06	-0.27	0.276586	5.70107e-007	71.6626
0.19	0.55	0.581893	3.63755e-008	59.7111
0.34	0.62	0.707107	1.76862e-008	56.5794
0.22	0.53	0.573847	3.82988e-008	59.9349
0.36	-0.42	0.553173	4.38678e-008	60.5245
0.38	0.4	0.551725	4.42953e-008	60.5666
0.16	0.2	0.256125	7.57631e-007	72.8976
0.03	-0.82	0.820549	1.01987e-008	54.1884
-0.28	0.32	0.425206	1.16122e-007	64.7521
-0.24	-0.78	0.816088	1.04065e-008	54.276
-0.63	-0.21	0.664078	2.2311e-008	57.5882
-0.65	0.05	0.65192	2.38897e-008	57.8851
-0.7	-0.3	0.761577	1.34397e-008	55.3869
-0.14	-0.58	0.596657	3.31549e-008	59.3085
-0.64	-0.46	0.788162	1.18373e-008	54.8355
0.64	-0.43	0.771038	1.28395e-008	55.1885
0.57	-0.73	0.926175	6.51577e-009	52.2427
0.26	-0.27	0.374833	1.85152e-007	66.7783
-0.58	0.17	0.604401	3.16103e-008	59.1013
0.33	-0.08	0.339559	2.66898e-007	68.3665
0.01	-0.83	0.83006	9.77292e-009	54.0032
0.49	0.52	0.714493	1.70192e-008	56.4124
-0.62	-0.54	0.822192	1.01235e-008	54.1563
-0.43	0.09	0.439318	1.02908e-007	64.2275
-0.85	-0.25	0.886002	7.67752e-009	52.9552
-0.65	-0.18	0.674463	2.10662e-008	57.3389
-0.45	0.33	0.558032	4.24708e-008	60.3839
-0.39	-0.63	0.740945	1.48772e-008	55.8282
-0.25	-0.6	0.65	2.41519e-008	57.9325
-0.41	0.18	0.447772	9.59e-008	63.9212
-0.24	0.03	0.241868	9.36465e-007	73.8179
0.1	-0.56	0.568859	3.95562e-008	60.0751
0.16	-0.52	0.544059	4.66488e-008	60.7914
-0.08	-0.12	0.144222	6.34327e-006	82.1261
0.58	-0.07	0.584209	3.58449e-008	59.6473
-0.21	-0.53	0.570088	3.92415e-008	60.0405
-0.42	-0.81	0.912414	6.88683e-009	52.4832
0.66	0.1	0.667533	2.18868e-008	57.5048
-0.21	-0.45	0.496588	6.53947e-008	62.2584
-0.55	-0.61	0.82134	1.01624e-008	54.1729
0.7	0.18	0.722772	1.63089e-008	56.2272
-0.27	-0.84	0.882326	7.79653e-009	53.022
0.75	0.4	0.85	8.95117e-009	53.6218
0.26	0.31	0.404599	1.39553e-007	65.5504
0.5	0.46	0.679412	2.0504e-008	57.2214
-0.33	-0.77	0.837735	9.44573e-009	53.8554
0.62	0.16	0.640312	2.55317e-008	58.1738
-0.02	0.56	0.560357	4.18225e-008	60.3171
-0.11	0.29	0.310161	3.73127e-007	69.8216
-0.45	-0.48	0.657951	2.30894e-008	57.7371
-0.67	0.45	0.807094	1.08421e-008	54.4541
-0.17	0.04	0.174642	3.12446e-006	79.0508
0.38	-0.17	0.416293	1.25589e-007	65.0925
0.33	0.53	0.62434	2.80332e-008	58.5797
0.32	0.17	0.362353	2.09865e-007	67.3224
0.21	0.29	0.35805	2.1935e-007	67.5144
-0.4	-0.52	0.656049	2.33381e-008	57.7837
0.18	0.37	0.411461	1.31134e-007	65.2801
-0.32	-0.04	0.32249	3.23012e-007	69.1952
-0.48	0.02	0.480416	7.39169e-008	62.7904
-0.19	-0.79	0.812527	1.05762e-008	54.3463
-0.55	0.27	0.612699	3.00549e-008	58.8822
-0.09	-0.48	0.488365	6.95627e-008	62.5268
-0.4	0.42	0.58	3.68168e-008	59.7635
-0.2	-0.55	0.585235	3.5613e-008	59.6191
-0.34	-0.68	0.760263	1.35258e-008	55.4146
0.35	0.65	0.738241	1.50798e-008	55.887
-0.3	-0.43	0.524309	5.34881e-008	61.3856
-0.37	-0.8	0.881419	7.82627e-009	53.0385
0.7	-0.11	0.70859	1.75496e-008	56.5457
0.08	-0.63	0.635059	2.63219e-008	58.3062
0.23	0.62	0.661287	2.26615e-008	57.6559
0.67	0.45	0.807094	1.08421e-008	54.4541
0.4	0.04	0.401995	1.42927e-007	65.6541
-0.63	-0.15	0.647611	2.44832e-008	57.9917
0.62	0.46	0.77201	1.27798e-008	55.1682
0.01	-0.38	0.380132	1.75782e-007	66.5527
0.8	-0.01	0.800062	1.11988e-008	54.5947
0.1	-0.77	0.776466	1.25105e-008	55.0758
-0.49	0.02	0.490408	6.84963e-008	62.4597
-0.67	-0.28	0.726154	1.60296e-008	56.1522
0.3	0.18	0.349857	2.38965e-007	67.8863
0.36	0.05	0.363456	2.0752e-007	67.2736
-0.7	0.17	0.720347	1.6513e-008	56.2813
0.3	-0.19	0.355106	2.26155e-007	67.6471
0.48	0.78	0.91586	6.79144e-009	52.4226
-0.55	-0.68	0.874586	8.05492e-009	53.1636
-0.5	-0.02	0.5004	6.35706e-008	62.1356
-0.03	-0.36	0.361248	2.12251e-007	67.3715
-0.13	0.44	0.458803	8.76423e-008	63.5301
-0.8	-0.06	0.802247	1.10864e-008	54.5509
0.29	0.36	0.462277	8.52298e-008	63.4089
0.03	-0.2	0.202237	1.81569e-006	76.6934
-0.16	-0.86	0.874757	8.04908e-009	53.1605
-0.02	0.33	0.330606	2.94634e-007	68.7958
-0.27	0.52	0.585918	3.54596e-008	59.6003
-0.62	0.41	0.743303	1.47033e-008	55.7772
-0.34	0.07	0.347131	2.45982e-007	68.012
0.31	0.65	0.720139	1.65306e-008	56.2859
-0.34	0.2	0.394462	1.53289e-007	65.9581
-0.3	0.47	0.557584	4.25973e-008	60.3968
0.57	0.56	0.799062	1.12508e-008	54.6148
-0.76	0.21	0.78848	1.18197e-008	54.8291
0.46	0.85	0.966488	5.56548e-009	51.558
-0.52	-0.52	0.735391	1.52972e-008	55.9491
0.27	-0.45	0.524786	5.33085e-008	61.371
0.27	-0.41	0.490918	6.82336e-008	62.443
-0.52	-0.69	0.864002	8.42607e-009	53.3592
0.26	-0.83	0.86977	8.22117e-009	53.2523
-0.61	0.44	0.75213	1.40749e-008	55.5875
-0.14	0.16	0.212603	1.50912e-006	75.8902
0.23	-0.6	0.642573	2.5201e-008	58.1172
0.26	-0.21	0.334215	2.83029e-007	68.6213
-0.01	-0.72	0.720069	1.65365e-008	56.2874
-0.25	0.72	0.762168	1.34012e-008	55.3744
0.68	0.45	0.815414	1.04383e-008	54.2893
0.56	0.29	0.630635	2.70117e-008	58.4185
0.6	-0.21	0.635689	2.62256e-008	58.2903
0.31	-0.1	0.32573	3.11284e-007	69.0346
0.61	0.31	0.684251	1.99725e-008	57.1073
0.05	-0.38	0.383275	1.70506e-007	66.4204
-0.1	0.79	0.796304	1.13956e-008	54.6704
0.5	-0.31	0.588303	3.49307e-008	59.5351
0.42	-0.48	0.637809	2.59045e-008	58.2368
-0.7	-0.32	0.769675	1.29239e-008	55.2169
-0.86	0.11	0.867006	8.31855e-009	53.3035
0.79	0.19	0.812527	1.05762e-008	54.3463
-0.51	-0.69	0.858021	8.64545e-009	53.4709
0.52	0.57	0.771557	1.28076e-008	55.1777
-0.02	0.83	0.830241	9.76506e-009	53.9997
0.34	-0.26	0.428019	1.13323e-007	64.6462
0.52	0.17	0.547083	4.57017e-008	60.7023
-0.82	0.21	0.846463	9.09034e-009	53.6888
-0.51	-0.78	0.931933	6.36804e-009	52.1431
0.46	0.41	0.616198	2.94283e-008	58.7906
-0.5	0.28	0.573062	3.84932e-008	59.9568
0.26	0.22	0.340588	2.63926e-007	68.3178
-0.88	0.02	0.880227	7.86555e-009	53.0603
-0.66	-0.58	0.878635	7.91841e-009	53.0894
0.49	0.19	0.525547	5.30232e-008	61.3477
0.71	-0.4	0.814923	1.04616e-008	54.299
0.62	-0.39	0.732462	1.55248e-008	56.0133
0.07	0.04	0.0806226	5.45557e-005	91.4714
-0.36	0.84	0.913893	6.8457e-009	52.4572
0.53	-0.21	0.570088	3.92415e-008	60.0405
-0.23	-0.57	0.614654	2.97027e-008	58.831
0.57	-0.25	0.622415	2.83553e-008	58.6293
0.33	0.85	0.911811	6.90369e-009	52.4938
0.11	-0.2	0.228254	1.16033e-006	74.7488
-0.42	0.27	0.4993	6.40905e-008	62.1709
0.69	-0.08	0.694622	1.88912e-008	56.8656
-0.47	0.14	0.490408	6.84963e-008	62.4597
-0.39	-0.01	0.390128	1.59685e-007	66.1356
0.11	0.15	0.186011	2.47423e-006	78.0374
-0.34	0.41	0.532635	5.04592e-008	61.1324
-0.55	-0.13	0.565155	4.05238e-008	60.1801
-0.83	0.2	0.853756	8.80632e-009	53.5509
0.26	0.01	0.260192	7.14728e-007	72.6444
0.85	-0.23	0.880568	7.8543e-009	53.0541
0.41	0.59	0.718471	1.66731e-008	56.3232
-0.04	-0.09	0.0984886	2.60137e-005	88.255
-0.09	0.46	0.468722	8.09738e-008	63.1864
-0.65	0.16	0.669403	2.16614e-008	57.4599
0.33	0.3	0.445982	9.7332e-008	63.9856
-0.59	-0.27	0.648845	2.43113e-008	57.9611
-0.23	-0.49	0.541295	4.75363e-008	60.8732
-0.28	-0.63	0.68942	1.9424e-008	56.9864
0.26	0.16	0.305287	3.95649e-007	70.0761
-0.45	-0.81	0.926607	6.50454e-009	52.2352
0.01	-0.85	0.850059	8.94888e-009	53.6207
0	0.71	0.71	1.7421e-008	56.5137
0.46	0.23	0.514296	5.74437e-008	61.6954
0.64	0.25	0.687095	1.96683e-008	57.0407
0.61	0.12	0.621691	2.84776e-008	58.648
0.26	0.57	0.626498	2.76775e-008	58.5243
-0.92	0.12	0.927793	6.47382e-009	52.2146
-0.04	-0.18	0.184391	2.55561e-006	78.1779
0.49	-0.33	0.590762	3.43956e-008	59.468
-0.19	-0.72	0.744648	1.46054e-008	55.7481
0.3	0.8	0.8544	8.78178e-009	53.5388
-0.29	0.56	0.630635	2.70117e-008	58.4185
0.24	0.27	0.361248	2.12251e-007	67.3715
0.61	0.39	0.724017	1.62054e-008	56.1996
-0.61	0	0.61	3.05499e-008	58.9531
-0.79	-0.18	0.810247	1.06868e-008	54.3915
-0.2	-0.23	0.304795	3.98016e-007	70.102
0.03	0.35	0.351283	2.35395e-007	67.821
0.48	-0.8	0.932952	6.34235e-009	52.1255
-0.12	0.33	0.351141	2.35748e-007	67.8275
-0.63	-0.59	0.863134	8.45748e-009	53.3754
0.47	-0.21	0.514782	5.72434e-008	61.6803
0.04	0.12	0.126491	1.03064e-005	84.2341
0.72	-0.45	0.849058	8.98796e-009	53.6396
