00000000 00000000 00000000 00000000
00100010 00110001 00000000 00000010
00100010 01010010 00000000 00000100
00100010 01110011 00000000 00001000
00000010 01010011 10001000 00100000
00000010 01010011 10001000 00100010
00100010 01010010 00000000 01111100
10101110 01010011 00000100 01100100
10001110 01010001 00000100 01100100
00000010 01010011 10001000 00100100
00000010 01010011 10001000 00100101
00000010 01010011 10001000 00101010
00000010 01110010 10001000 00101010
00010010 01010001 00000000 00000010
00100010 01110011 00000000 01111000
00010010 01010011 00000000 00000010
00001000 00000000 00000011 11101000
00001000 00000000 00000011 11101000
00001000 00000000 00001001 11000100
