00000000 00000000 00000000 00000000 
00000000 01100000 00010000 00100000 
00000011 10001011 11000000 00100010 
00100011 10111101 00000000 01100100 
00000001 00110011 10001000 00100001 
00000001 01010011 10010000 00100011 
00100111 11011001 00000000 01100100 
10001110 01000100 00000000 00010001 
10101110 01000100 00000000 00010010 
10010110 01000100 00000000 00010011 
10000110 01000100 00000000 00010100 
10100110 01000100 00000000 00010101 
10010010 01000100 00000000 00010110 
10000010 01000100 00000000 00010111 
10100010 01000100 00000000 00010000 
00111100 00010001 00000000 01100100 
00000010 01010011 10001000 00100100 
00000001 01001011 01001000 00100101 
00000000 11000111 00101000 00100110 
00110000 01100010 00000000 01100100 
00110110 00001001 00000000 01100100 
00000000 00010001 01001010 10000101 
00000000 00010010 01001010 10000110 
00010010 01101001 00000000 00011001 
00010110 10001001 00000000 00011001 
00000010 10110011 01001000 00101010 
00101010 01010001 00000000 01100100 
00000010 01010011 10001000 00101011 
00101110 01010001 00000000 01100100 
00001000 00000000 00001001 11000100 
00000011 11100000 00000000 00001000 
00001111 11111111 11111110 00111110 
