x	y	r	P( r )	I	SINR	SINRdB	SC	Throughput
0.17	-0.84	0.85703	8.68251e-009	1.00767e-008	0.861635	-0.646766	4.16265	3.9936
-0.38	0.4	0.551725	4.42953e-008	5.5174e-009	8.02823	9.0462	14.7385	11.9808
0.18	0.76	0.781025	1.22425e-008	8.26478e-009	1.48128	1.70636	6.08717	5.3248
0.24	0.19	0.306105	3.91753e-007	4.29732e-009	91.1613	19.5981	30.2997	19.968
0.23	0.68	0.717844	1.6727e-008	7.09035e-009	2.35911	3.72749	8.11608	7.9872
0.64	0.56	0.850412	8.93515e-009	9.93173e-009	0.899654	-0.459245	4.29806	3.9936
0.47	-0.77	0.902109	7.18245e-009	9.2693e-009	0.774861	-1.10776	3.84292	2.6624
0.82	0.01	0.820061	1.02211e-008	8.10052e-009	1.26178	1.00984	5.46678	5.3248
-0.11	-0.12	0.162788	4.05252e-006	3.97533e-009	1019.41	30.0835	46.405	19.968
0.51	-0.51	0.721249	1.64367e-008	7.25519e-009	2.2655	3.55164	7.92677	5.3248
-0.1	-0.28	0.297321	4.36308e-007	4.26947e-009	102.192	20.0942	31.0569	19.968
0.59	0.24	0.636946	2.60346e-008	6.36367e-009	4.0911	6.1184	10.9013	10.6496
0.54	0.07	0.544518	4.65034e-008	5.43647e-009	8.5539	9.32164	15.1176	11.9808
0.06	-0.51	0.513517	5.77665e-008	5.28484e-009	10.9305	10.3864	16.6056	15.964
-0.25	0.32	0.406079	1.3768e-007	4.66581e-009	29.5081	14.6994	22.8945	19.968
0.46	-0.85	0.966488	5.56548e-009	1.03033e-008	0.540162	-2.67476	2.89288	2.6624
0.22	-0.16	0.272029	6.06249e-007	4.19974e-009	144.353	21.5943	33.3516	19.968
-0.16	0.32	0.357771	2.19984e-007	4.46888e-009	49.2254	16.9219	26.2337	19.968
-0.87	0.07	0.872812	8.11567e-009	8.95367e-009	0.906403	-0.426788	4.32182	3.9936
-0.45	-0.03	0.450999	9.33858e-008	4.87597e-009	19.1521	12.8222	20.1168	19.968
-0.01	-0.65	0.650077	2.41413e-008	6.56504e-009	3.67723	5.65521	10.3334	7.9872
0.35	0.63	0.720694	1.64836e-008	6.92844e-009	2.3791	3.76413	8.15583	7.9872
0.67	0.37	0.765376	1.31945e-008	8.41127e-009	1.56866	1.9553	6.31901	5.3248
-0.91	-0.13	0.919239	6.69954e-009	1.0087e-008	0.664175	-1.77717	3.41161	2.6624
0.03	-0.15	0.152971	5.1013e-006	3.96124e-009	1287.79	31.0985	47.9691	19.968
-0.22	-0.55	0.592368	3.40519e-008	5.79495e-009	5.87609	7.69088	12.9145	11.9808
0.22	-0.27	0.348281	2.4299e-007	4.43549e-009	54.7826	17.3864	26.9367	19.968
-0.26	-0.33	0.420119	1.21409e-007	4.72943e-009	25.6708	14.0944	21.9941	19.968
-0.39	0.02	0.390512	1.59104e-007	4.59721e-009	34.6085	15.3918	23.93	19.968
-0.54	-0.49	0.729178	1.57851e-008	7.46659e-009	2.11408	3.25122	7.60875	5.3248
-0.59	0.04	0.591354	3.42683e-008	5.76409e-009	5.9451	7.74159	12.9814	11.9808
-0.34	-0.28	0.440454	1.01929e-007	4.84262e-009	21.0481	13.2321	20.7191	19.968
0.65	-0.47	0.802122	1.10928e-008	9.11718e-009	1.21668	0.851776	5.33187	5.3248
0.63	-0.62	0.883912	7.74492e-009	1.0377e-008	0.746355	-1.27055	3.73447	2.6624
0.71	-0.39	0.810062	1.06958e-008	9.44697e-009	1.13219	0.539187	5.07155	3.9936
-0.65	-0.35	0.738241	1.50798e-008	7.88029e-009	1.91361	2.81852	7.16303	5.3248
-0.14	-0.45	0.471275	7.93625e-008	4.99602e-009	15.885	12.0099	18.9321	15.964
0.69	0.09	0.695845	1.87687e-008	6.74436e-009	2.78286	4.44491	8.91186	7.9872
-0.34	-0.86	0.92477	6.55247e-009	1.024e-008	0.639886	-1.93898	3.31312	2.6624
-0.08	0.47	0.47676	7.60363e-008	5.04362e-009	15.0756	11.7828	18.603	15.964
-0.29	0.74	0.794796	1.14759e-008	8.01018e-009	1.43265	1.56141	5.9546	5.3248
0.28	-0.82	0.866487	8.33701e-009	9.41661e-009	0.885348	-0.528862	4.24743	3.9936
0.54	0.07	0.544518	4.65034e-008	5.43647e-009	8.5539	9.32164	15.1176	11.9808
-0.11	0.28	0.300832	4.17763e-007	4.27969e-009	97.6145	19.8951	30.753	19.968
0.31	0.42	0.522015	5.43628e-008	5.28464e-009	10.2869	10.1228	16.2341	15.964
0.26	0.85	0.888876	7.58609e-009	1.01348e-008	0.748514	-1.258	3.74274	2.6624
-0.1	-0.52	0.529528	5.15633e-008	5.38383e-009	9.57738	9.81247	15.7992	11.9808
-0.46	-0.67	0.812712	1.05673e-008	8.07977e-009	1.30787	1.16564	5.60189	5.3248
0.6	0.39	0.715612	1.69209e-008	7.47941e-009	2.26232	3.54554	7.92024	5.3248
0.41	-0.73	0.837257	9.46568e-009	8.32888e-009	1.13648	0.555629	5.08503	3.9936
-0.5	0.65	0.820061	1.02211e-008	8.32511e-009	1.22774	0.891071	5.3652	5.3248
-0.82	0.07	0.822982	1.00875e-008	8.23563e-009	1.22486	0.880862	5.35653	5.3248
0.65	0.2	0.680074	2.04302e-008	6.78338e-009	3.01179	4.78825	9.30543	7.9872
0.63	-0.26	0.681542	2.02678e-008	6.91027e-009	2.93298	4.67309	9.17253	7.9872
0.17	0.42	0.4531	9.17932e-008	4.89058e-009	18.7692	12.7345	19.9884	19.968
-0.05	-0.18	0.186815	2.43502e-006	4.01387e-009	606.647	27.8294	42.9329	19.968
0.62	0.22	0.657875	2.30993e-008	6.566e-009	3.51799	5.46295	10.1014	7.9872
-0.18	0.75	0.771298	1.28236e-008	8.0848e-009	1.58612	2.00337	6.36439	5.3248
-0.2	-0.41	0.45618	8.95214e-008	4.90261e-009	18.2598	12.615	19.8135	15.964
-0.4	-0.67	0.78032	1.22834e-008	7.60208e-009	1.61579	2.08385	6.44079	5.3248
-0.38	0.85	0.931075	6.3898e-009	1.00364e-008	0.636661	-1.96092	3.29994	2.6624
0.36	-0.85	0.923093	6.59664e-009	1.00214e-008	0.658253	-1.81607	3.38773	2.6624
0.43	0.31	0.530094	5.13598e-008	5.40516e-009	9.50193	9.77812	15.7513	11.9808
0.19	0.82	0.841724	9.28114e-009	9.52517e-009	0.974377	-0.112731	4.55649	3.9936
-0.27	0.28	0.388973	1.61446e-007	4.59593e-009	35.1278	15.4565	24.027	19.968
0.76	-0.19	0.78339	1.21063e-008	8.14619e-009	1.48612	1.72055	6.10024	5.3248
-0.4	0.45	0.60208	3.20634e-008	5.90341e-009	5.43131	7.34905	12.4666	11.9808
-0.26	-0.11	0.282312	5.28484e-007	4.22768e-009	125.005	20.9693	32.3948	19.968
0.36	0.53	0.640703	2.54742e-008	6.17271e-009	4.12689	6.15622	10.9482	10.6496
-0.78	0.17	0.798311	1.129e-008	8.28283e-009	1.36305	1.34513	5.76017	5.3248
0.33	0.36	0.488365	6.95627e-008	5.09393e-009	13.6559	11.3532	17.9837	15.964
-0.54	0.1	0.549181	4.50591e-008	5.48261e-009	8.21849	9.14792	14.8782	11.9808
-0.28	-0.15	0.317648	3.41611e-007	4.33434e-009	78.8142	18.966	29.3362	19.968
-0.77	0.07	0.773175	1.27087e-008	7.58784e-009	1.67487	2.23981	6.59039	5.3248
-0.33	-0.7	0.773886	1.26656e-008	7.58513e-009	1.66978	2.2266	6.57764	5.3248
0.28	0.31	0.417732	1.23996e-007	4.72173e-009	26.2606	14.193	22.1406	19.968
0.03	0.11	0.114018	1.51333e-005	3.91432e-009	3866.11	35.8727	55.3291	19.968
0.56	-0.46	0.724707	1.61484e-008	7.49196e-009	2.15542	3.33532	7.69708	5.3248
-0.02	-0.84	0.840238	9.34203e-009	1.02909e-008	0.907788	-0.420157	4.32668	3.9936
0.72	-0.45	0.849058	8.98796e-009	1.05511e-008	0.851851	-0.696364	4.12735	3.9936
-0.07	-0.72	0.723395	1.6257e-008	7.56844e-009	2.14799	3.32032	7.68129	5.3248
0.49	-0.79	0.929624	6.42678e-009	9.70944e-009	0.661908	-1.79202	3.40247	2.6624
-0.63	-0.63	0.890955	7.52081e-009	1.04906e-008	0.716904	-1.44539	3.62055	2.6624
0.32	-0.03	0.321403	3.27073e-007	4.34322e-009	75.3058	18.7683	29.0351	19.968
0.68	-0.07	0.683593	2.00437e-008	6.59291e-009	3.04017	4.82898	9.35265	7.9872
0.68	0.22	0.714703	1.70007e-008	7.26072e-009	2.34145	3.69484	8.08076	7.9872
-0.12	0.84	0.848528	9.00876e-009	1.01773e-008	0.885178	-0.529692	4.24683	3.9936
0.84	0.14	0.851587	8.88962e-009	8.97103e-009	0.990921	-0.0396111	4.61238	3.9936
-0.45	0.76	0.883233	7.76698e-009	8.97603e-009	0.865298	-0.628343	4.17581	3.9936
0.6	-0.37	0.704911	1.78909e-008	7.31987e-009	2.44415	3.88127	8.28353	7.9872
-0.16	0.75	0.766877	1.30992e-008	8.08496e-009	1.62019	2.09565	6.45204	5.3248
-0.21	-0.78	0.807775	1.08083e-008	8.63731e-009	1.25134	0.973759	5.43579	5.3248
0.18	0.13	0.222036	1.28518e-006	4.08113e-009	314.905	24.9818	38.5512	19.968
-0.23	0.54	0.586941	3.52314e-008	5.74428e-009	6.13326	7.87691	13.1605	11.9808
0.38	-0.04	0.382099	1.72456e-007	4.56358e-009	37.7892	15.7737	24.5031	19.968
0.34	-0.5	0.604649	3.15623e-008	5.86978e-009	5.37704	7.30544	12.4098	11.9808
0.42	-0.4	0.58	3.68168e-008	5.75902e-009	6.39286	8.05695	13.3999	11.9808
-0.62	-0.23	0.661287	2.26615e-008	6.61966e-009	3.42334	5.3445	9.95956	7.9872
-0.18	-0.39	0.429535	1.1185e-007	4.77145e-009	23.4413	13.6998	21.4094	19.968
0.64	0.09	0.646297	2.46678e-008	6.25881e-009	3.94127	5.95636	10.7012	10.6496
0.13	0.7	0.711969	1.72434e-008	7.26782e-009	2.37256	3.75218	8.14285	7.9872
0.18	-0.25	0.308058	3.82638e-007	4.30127e-009	88.9585	19.4919	30.1377	19.968
0.23	0.46	0.514296	5.74437e-008	5.23059e-009	10.9822	10.4069	16.6345	15.964
-0.26	-0.01	0.260192	7.14728e-007	4.16816e-009	171.472	22.3419	34.4974	19.968
-0.41	-0.46	0.616198	2.94283e-008	6.0275e-009	4.8823	6.88625	11.8689	10.6496
0.2	-0.66	0.689638	1.94014e-008	6.80266e-009	2.85201	4.55152	9.0332	7.9872
-0.2	0.21	0.29	4.78473e-007	4.24857e-009	112.619	20.5161	31.7017	19.968
-0.44	-0.31	0.538238	4.85429e-008	5.46776e-009	8.87795	9.48313	15.341	11.9808
0.57	-0.33	0.658635	2.30009e-008	6.67234e-009	3.44718	5.37463	9.99556	7.9872
-0.16	-0.85	0.864928	8.39276e-009	1.03821e-008	0.808383	-0.923827	3.96825	2.6624
0.71	0.47	0.851469	8.89416e-009	1.05759e-008	0.840981	-0.75214	4.08792	3.9936
0.43	-0.2	0.474236	7.75442e-008	5.03572e-009	15.3987	11.8748	18.7363	15.964
0.85	-0.05	0.851469	8.89416e-009	8.5808e-009	1.03651	0.155748	4.76404	3.9936
0.15	-0.27	0.308869	3.78936e-007	4.30351e-009	88.052	19.4474	30.0698	19.968
-0.47	0.55	0.723464	1.62513e-008	7.135e-009	2.27767	3.57491	7.95169	5.3248
-0.81	0.27	0.853815	8.80408e-009	9.9789e-009	0.882266	-0.544003	4.23647	3.9936
0.46	0.27	0.533385	5.0197e-008	5.43746e-009	9.23164	9.65279	15.5766	11.9808
0.59	-0.32	0.671193	2.14484e-008	6.83356e-009	3.13866	4.96745	9.51398	7.9872
-0.06	0.86	0.86209	8.49541e-009	1.08957e-008	0.779699	-1.08073	3.86115	2.6624
0.28	-0.28	0.39598	1.51126e-007	4.62655e-009	32.6647	15.1408	23.554	19.968
0.23	0.34	0.410488	1.32288e-007	4.68337e-009	28.2461	14.5096	22.6115	19.968
-0.35	-0.25	0.430116	1.11292e-007	4.79334e-009	23.2178	13.6582	21.3478	19.968
-0.83	-0.2	0.853756	8.80632e-009	9.42558e-009	0.934296	-0.295154	4.41911	3.9936
0.31	0.36	0.475079	7.70365e-008	5.0133e-009	15.3663	11.8657	18.723	15.964
0.5	-0.02	0.5004	6.35706e-008	5.14567e-009	12.3541	10.9181	17.3606	15.964
0.24	-0.75	0.787464	1.18762e-008	8.10485e-009	1.46531	1.65929	6.04392	5.3248
0.74	0.24	0.777946	1.24227e-008	8.28404e-009	1.49959	1.75973	6.13643	5.3248
0.22	0.38	0.43909	1.03106e-007	4.81565e-009	21.4103	13.3062	20.8283	19.968
-0.36	0.51	0.62426	2.80465e-008	6.03706e-009	4.64569	6.6705	11.5939	10.6496
-0.33	-0.65	0.728972	1.58016e-008	7.03267e-009	2.24687	3.51578	7.88844	5.3248
-0.2	-0.34	0.394462	1.53289e-007	4.61341e-009	33.2266	15.2149	23.6649	19.968
-0.57	0.32	0.653682	2.36523e-008	6.60972e-009	3.5784	5.53689	10.1903	7.9872
0.31	0.07	0.317805	3.40985e-007	4.33274e-009	78.699	18.9597	29.3266	19.968
0.21	-0.45	0.496588	6.53947e-008	5.12624e-009	12.7568	11.0574	17.5596	15.964
-0.58	-0.22	0.620322	2.87108e-008	6.17238e-009	4.65146	6.6759	11.6008	10.6496
0.67	-0.31	0.738241	1.50798e-008	7.82941e-009	1.92604	2.84665	7.19155	5.3248
0.02	0.32	0.320624	3.30022e-007	4.34396e-009	75.9719	18.8065	29.0934	19.968
0.85	0.15	0.863134	8.45748e-009	9.2308e-009	0.91622	-0.380003	4.35622	3.9936
0.47	-0.21	0.514782	5.72434e-008	5.29536e-009	10.81	10.3383	16.5376	15.964
0.54	-0.58	0.792465	1.16012e-008	8.22916e-009	1.40977	1.49147	5.89129	5.3248
0.17	-0.02	0.171172	3.36531e-006	3.9881e-009	843.829	29.2625	45.1403	19.968
0.59	-0.61	0.848646	9.00413e-009	9.37183e-009	0.960761	-0.173845	4.51014	3.9936
-0.03	0.2	0.202237	1.81569e-006	4.04174e-009	449.231	26.5247	40.9246	19.968
0.29	-0.64	0.702638	1.8106e-008	6.78533e-009	2.66839	4.2625	8.70604	7.9872
-0.29	-0.75	0.804114	1.09914e-008	8.1608e-009	1.34685	1.29319	5.71408	5.3248
0.53	-0.46	0.701783	1.81877e-008	7.11219e-009	2.55725	4.07773	8.49996	7.9872
0.67	-0.2	0.699214	1.84363e-008	7.01226e-009	2.62913	4.19813	8.63397	7.9872
-0.57	-0.62	0.8422	9.26178e-009	9.09248e-009	1.01862	0.0801037	4.70491	3.9936
-0.56	0.17	0.585235	3.5613e-008	5.80733e-009	6.13237	7.87629	13.1596	11.9808
0.03	0.33	0.331361	2.92157e-007	4.37982e-009	66.7045	18.2416	28.2341	19.968
-0.65	0.28	0.707743	1.76275e-008	7.29884e-009	2.4151	3.82934	8.2268	7.9872
-0.68	-0.45	0.815414	1.04383e-008	9.53912e-009	1.09426	0.391206	4.95133	3.9936
-0.49	-0.02	0.490408	6.84963e-008	5.08765e-009	13.4631	11.2915	17.895	15.964
-0.92	-0.02	0.920217	6.67322e-009	9.54492e-009	0.699135	-1.55439	3.55086	2.6624
-0.44	0.53	0.68884	1.94847e-008	6.71418e-009	2.902	4.62698	9.11957	7.9872
0	-0.4	0.4	1.45582e-007	4.65127e-009	31.2992	14.9553	23.2766	19.968
0.7	0.1	0.707107	1.76862e-008	6.88101e-009	2.57028	4.09981	8.52446	7.9872
0.39	-0.22	0.447772	9.59e-008	4.88765e-009	19.6207	12.9272	20.2708	19.968
0.19	-0.55	0.581893	3.63755e-008	5.73145e-009	6.34661	8.02542	13.3579	11.9808
0.81	0.3	0.863771	8.43443e-009	1.04615e-008	0.806232	-0.935401	3.96028	2.6624
-0.45	0.84	0.952943	5.86385e-009	1.00883e-008	0.581252	-2.35635	3.06924	2.6624
-0.41	-0.32	0.520096	5.51088e-008	5.32723e-009	10.3447	10.1472	16.2683	15.964
-0.29	-0.47	0.552268	4.41342e-008	5.47543e-009	8.06035	9.06354	14.7623	11.9808
0.64	-0.4	0.754718	1.38971e-008	8.18869e-009	1.69711	2.29709	6.64584	5.3248
0.33	0.14	0.358469	2.18403e-007	4.47757e-009	48.7768	16.8821	26.1737	19.968
-0.37	0.16	0.403113	1.41466e-007	4.66364e-009	30.3335	14.8192	23.0733	19.968
-0.07	0.68	0.683593	2.00437e-008	6.96443e-009	2.878	4.5909	9.07823	7.9872
-0.02	-0.27	0.27074	6.17004e-007	4.19638e-009	147.031	21.6741	33.4739	19.968
0.2	-0.37	0.420595	1.20902e-007	4.72835e-009	25.5694	14.0772	21.9686	19.968
-0.62	-0.32	0.697711	1.85837e-008	7.203e-009	2.57998	4.11616	8.54263	7.9872
0.73	-0.35	0.809568	1.072e-008	9.35899e-009	1.14541	0.589625	5.11297	3.9936
-0.49	0.61	0.782432	1.21612e-008	7.84314e-009	1.55055	1.90486	6.27161	5.3248
-0.14	0.71	0.723671	1.62341e-008	7.42074e-009	2.18765	3.39978	7.76515	5.3248
0.9	-0.11	0.906697	7.04887e-009	9.70885e-009	0.726022	-1.3905	3.65602	2.6624
-0.77	0.02	0.77026	1.28876e-008	7.48615e-009	1.72152	2.35911	6.7062	5.3248
0.54	-0.52	0.749667	1.42468e-008	7.71092e-009	1.84761	2.6661	7.00956	5.3248
-0.62	-0.33	0.702353	1.81332e-008	7.27853e-009	2.49131	3.96429	8.37465	7.9872
0.19	0.13	0.230217	1.12414e-006	4.09864e-009	274.268	24.3818	37.6289	19.968
0.66	-0.22	0.695701	1.87831e-008	7.01421e-009	2.67784	4.27785	8.72328	7.9872
0.8	0.32	0.861626	8.51236e-009	1.05531e-008	0.806621	-0.933302	3.96172	2.6624
0.69	-0.28	0.744648	1.46054e-008	7.8678e-009	1.85634	2.68657	7.03006	5.3248
-0.44	0.21	0.487545	6.99965e-008	5.11781e-009	13.6769	11.3599	17.9933	15.964
0.47	0.25	0.532353	5.05581e-008	5.42876e-009	9.31293	9.69087	15.6296	11.9808
0.01	0.4	0.400125	1.45414e-007	4.65175e-009	31.2598	14.9499	23.2684	19.968
-0.62	-0.12	0.631506	2.6874e-008	6.15799e-009	4.36407	6.39891	11.2512	10.6496
-0.32	0.4	0.51225	5.82971e-008	5.22893e-009	11.1489	10.4723	16.7271	15.964
-0.38	-0.58	0.693397	1.9015e-008	6.66179e-009	2.85432	4.55502	9.03721	7.9872
0.28	-0.24	0.368782	1.96645e-007	4.5164e-009	43.5398	16.3889	25.429	19.968
-0.3	0.23	0.378021	1.7944e-007	4.55487e-009	39.3949	15.9544	24.7748	19.968
0.68	-0.06	0.682642	2.01473e-008	6.57292e-009	3.06517	4.86455	9.39397	7.9872
0.08	0.31	0.320156	3.31811e-007	4.34084e-009	76.4387	18.8331	29.1338	19.968
-0.59	-0.12	0.60208	3.20634e-008	5.9021e-009	5.43251	7.35001	12.4678	11.9808
-0.46	-0.68	0.820975	1.01791e-008	8.17871e-009	1.24458	0.950223	5.41564	5.3248
0.52	0.29	0.595399	3.34149e-008	5.96903e-009	5.59801	7.48034	12.638	11.9808
-0.52	-0.11	0.531507	5.08564e-008	5.36625e-009	9.47703	9.76672	15.7354	11.9808
0.55	0.66	0.859127	8.60433e-009	9.13723e-009	0.941674	-0.260996	4.44461	3.9936
-0.7	-0.36	0.787147	1.18939e-008	8.86482e-009	1.34169	1.27652	5.69934	5.3248
-0.44	0.25	0.506063	6.09779e-008	5.24175e-009	11.633	10.6569	16.9888	15.964
0.8	0.31	0.857963	8.64763e-009	1.03833e-008	0.832833	-0.794421	4.05821	3.9936
0.56	0.76	0.944034	6.07122e-009	1.03359e-008	0.587391	-2.31073	3.09519	2.6624
-0.71	0.27	0.759605	1.35692e-008	8.08795e-009	1.6777	2.24714	6.59747	5.3248
0.05	0.37	0.373363	1.87864e-007	4.53581e-009	41.4176	16.1719	25.102	19.968
-0.66	0.53	0.846463	9.09034e-009	1.00637e-008	0.90328	-0.441777	4.31084	3.9936
-0.64	-0.38	0.744312	1.46298e-008	7.99772e-009	1.82923	2.62269	6.96619	5.3248
0.3	0.25	0.390512	1.59104e-007	4.60631e-009	34.5401	15.3832	23.9171	19.968
-0.12	0.24	0.268328	6.37771e-007	4.1889e-009	152.251	21.8256	33.706	19.968
-0.22	-0.23	0.318277	3.39119e-007	4.33443e-009	78.2378	18.9342	29.2877	19.968
0.97	-0.05	0.971288	5.4644e-009	1.04643e-008	0.52219	-2.82171	2.81426	2.6624
0.57	0.7	0.902718	7.16452e-009	9.89486e-009	0.724062	-1.40224	3.64841	2.6624
0.39	0.46	0.603075	3.1868e-008	5.89936e-009	5.40191	7.32547	12.4359	11.9808
-0.37	0.82	0.899611	7.2565e-009	9.46418e-009	0.76673	-1.15357	3.81216	2.6624
-0.68	-0.28	0.735391	1.52972e-008	7.71799e-009	1.98201	2.97106	7.31847	5.3248
0.27	-0.56	0.621691	2.84776e-008	6.00961e-009	4.73864	6.75654	11.7033	10.6496
0.18	0.64	0.664831	2.22177e-008	6.54753e-009	3.39327	5.30619	9.91388	7.9872
0.53	-0.28	0.599416	3.25937e-008	6.00628e-009	5.42658	7.34526	12.4617	11.9808
-0.87	-0.13	0.879659	7.88437e-009	9.37945e-009	0.840597	-0.754121	4.08652	3.9936
-0.14	-0.59	0.606383	3.12296e-008	5.9932e-009	5.21081	7.16906	12.2329	11.9808
-0.49	0.07	0.494975	6.6187e-008	5.1225e-009	12.9207	11.1129	17.639	15.964
-0.46	-0.08	0.466905	8.21458e-008	4.96652e-009	16.5398	12.1853	19.1869	15.964
0.36	-0.51	0.62426	2.80465e-008	6.03706e-009	4.64569	6.6705	11.5939	10.6496
0.28	-0.5	0.573062	3.84932e-008	5.62131e-009	6.84769	8.35544	13.7998	11.9808
-0.23	0.45	0.505371	6.12874e-008	5.17578e-009	11.8411	10.7339	17.0982	15.964
0.55	-0.41	0.686003	1.97845e-008	6.98513e-009	2.83235	4.52147	8.99893	7.9872
0.89	-0.08	0.893588	7.43912e-009	9.31819e-009	0.79834	-0.97812	3.93095	2.6624
0.7	-0.15	0.715891	1.68965e-008	7.09016e-009	2.38308	3.77138	8.1637	7.9872
0.78	0.27	0.825409	9.97824e-009	9.34406e-009	1.06787	0.285165	4.86637	3.9936
0.26	0.37	0.452217	9.24586e-008	4.8831e-009	18.9343	12.7725	20.044	19.968
0.04	-0.52	0.521536	5.45478e-008	5.34601e-009	10.2034	10.0874	16.1844	15.964
0.19	-0.42	0.460977	8.61224e-008	4.92903e-009	17.4723	12.4235	19.5339	15.964
0.33	-0.21	0.391152	1.58143e-007	4.61187e-009	34.2902	15.3517	23.8698	19.968
0.14	-0.86	0.871321	8.16716e-009	1.07351e-008	0.760786	-1.18738	3.78959	2.6624
0.81	-0.09	0.814985	1.04587e-008	8.18694e-009	1.27748	1.06353	5.5131	5.3248
0.37	-0.02	0.37054	1.93214e-007	4.51715e-009	42.7731	16.3117	25.3127	19.968
-0.44	0.57	0.720069	1.65365e-008	7.0165e-009	2.3568	3.72322	8.11146	7.9872
0.58	-0.22	0.620322	2.87108e-008	6.17238e-009	4.65146	6.6759	11.6008	10.6496
0.33	-0.01	0.330151	2.96136e-007	4.37166e-009	67.7393	18.3084	28.3357	19.968
-0.01	-0.72	0.720069	1.65365e-008	7.56805e-009	2.18504	3.39459	7.75965	5.3248
0.65	-0.16	0.669403	2.16614e-008	6.5885e-009	3.28774	5.16897	9.751	7.9872
0.16	0.82	0.835464	9.54108e-009	9.5715e-009	0.996818	-0.0138408	4.63219	3.9936
0.82	-0.12	0.828734	9.83092e-009	8.50475e-009	1.15593	0.629304	5.14572	3.9936
0.07	0.41	0.415933	1.25993e-007	4.721e-009	26.6875	14.2631	22.2447	19.968
-0.63	-0.35	0.720694	1.64836e-008	7.57803e-009	2.17517	3.37493	7.73887	5.3248
-0.52	0.63	0.816884	1.0369e-008	8.39871e-009	1.23459	0.915215	5.38575	5.3248
-0.57	-0.49	0.751665	1.41072e-008	7.88525e-009	1.78905	2.52623	6.87038	5.3248
0.56	0.54	0.777946	1.24227e-008	8.17325e-009	1.51992	1.8182	6.19068	5.3248
0.18	-0.64	0.664831	2.22177e-008	6.54753e-009	3.39327	5.30619	9.91388	7.9872
-0.09	-0.01	0.0905539	3.54956e-005	3.8929e-009	9117.94	39.599	61.0752	19.968
0.03	0.7	0.700643	1.82975e-008	7.24916e-009	2.52408	4.02103	8.43721	7.9872
0.71	-0.3	0.770779	1.28555e-008	8.38483e-009	1.53318	1.85594	6.22584	5.3248
0.44	-0.33	0.55	4.48114e-008	5.55378e-009	8.06857	9.06797	14.7684	11.9808
-0.78	-0.08	0.784092	1.20663e-008	7.7473e-009	1.55747	1.9242	6.28976	5.3248
0.52	-0.79	0.94578	6.02985e-009	1.00564e-008	0.599602	-2.22137	3.14652	2.6624
-0.02	-0.63	0.630317	2.70621e-008	6.33172e-009	4.27402	6.30837	11.1378	10.6496
0.38	-0.71	0.805295	1.09319e-008	7.92096e-009	1.38012	1.39917	5.80837	5.3248
-0.67	-0.18	0.693758	1.89784e-008	6.90055e-009	2.75026	4.39374	8.85389	7.9872
0.58	0.2	0.613514	2.99074e-008	6.08612e-009	4.914	6.91435	11.9049	10.6496
0.66	-0.53	0.846463	9.09034e-009	1.00637e-008	0.90328	-0.441777	4.31084	3.9936
0.49	0.85	0.981122	5.26448e-009	1.05154e-008	0.500642	-3.00473	2.71876	2.6624
0.7	0.47	0.843149	9.22326e-009	1.03031e-008	0.89519	-0.480849	4.2823	3.9936
-0.02	-0.1	0.10198	2.28675e-005	3.9027e-009	5859.34	37.6785	58.1136	19.968
-0.49	-0.62	0.790253	1.17218e-008	7.93155e-009	1.47787	1.69635	6.07795	5.3248
0.15	-0.71	0.725672	1.60691e-008	7.42456e-009	2.1643	3.35318	7.7159	5.3248
-0.46	-0.36	0.584123	3.58644e-008	5.8355e-009	6.14586	7.88582	13.1723	11.9808
0.17	-0.52	0.547083	4.57017e-008	5.47477e-009	8.34764	9.21564	14.9714	11.9808
0.74	-0.27	0.787718	1.1862e-008	8.59027e-009	1.38086	1.40149	5.81045	5.3248
-0.28	-0.3	0.410366	1.32433e-007	4.68877e-009	28.2446	14.5093	22.6112	19.968
0.27	0.72	0.76896	1.29684e-008	7.68674e-009	1.6871	2.27141	6.62095	5.3248
0.28	0.85	0.89493	7.39793e-009	1.00941e-008	0.732894	-1.34959	3.68264	2.6624
0.85	0.17	0.866833	8.3247e-009	9.44185e-009	0.881677	-0.546904	4.23437	3.9936
-0.07	-0.55	0.554437	4.34989e-008	5.58763e-009	7.7848	8.91247	14.5554	11.9808
-0.47	0.41	0.623699	2.81399e-008	6.18586e-009	4.54905	6.5792	11.4783	10.6496
0.3	0.54	0.617738	2.91578e-008	5.96604e-009	4.88726	6.89065	11.8746	10.6496
-0.08	0.68	0.68469	1.99252e-008	6.967e-009	2.85993	4.56355	9.04695	7.9872
-0.51	-0.02	0.510392	5.90862e-008	5.20546e-009	11.3507	10.5502	16.8374	15.964
0.32	0.63	0.706612	1.77321e-008	6.79494e-009	2.60959	4.16573	8.59781	7.9872
-0.31	0.48	0.571402	3.89086e-008	5.61213e-009	6.93291	8.40915	13.8722	11.9808
-0.39	-0.14	0.414367	1.27763e-007	4.71316e-009	27.1075	14.3309	22.3455	19.968
-0.38	0.6	0.710211	1.74019e-008	6.82625e-009	2.54925	4.06412	8.48488	7.9872
0.58	-0.29	0.64846	2.43648e-008	6.53565e-009	3.72797	5.71472	10.4057	7.9872
0.53	0.02	0.530377	5.12585e-008	5.33044e-009	9.61612	9.83	15.8237	11.9808
0.5	-0.84	0.977548	5.33604e-009	1.04635e-008	0.509966	-2.92459	2.76025	2.6624
0.41	-0.28	0.496488	6.54438e-008	5.17515e-009	12.6457	11.0194	17.5053	15.964
-0.27	0.64	0.694622	1.88912e-008	6.72589e-009	2.80872	4.48508	8.95749	7.9872
0.2	-0.12	0.233238	1.0712e-006	4.10531e-009	260.929	24.1652	37.2962	19.968
0.01	-0.56	0.560089	4.18965e-008	5.65e-009	7.41527	8.70127	14.2675	11.9808
-0.06	-0.76	0.762365	1.33884e-008	8.29726e-009	1.61358	2.07791	6.43513	5.3248
-0.46	0	0.46	8.68013e-008	4.92096e-009	17.6389	12.4647	19.594	15.964
0.1	-0.46	0.470744	7.96941e-008	5.00343e-009	15.9278	12.0216	18.949	15.964
-0.1	0.02	0.10198	2.28675e-005	3.9027e-009	5859.34	37.6785	58.1136	19.968
-0.2	-0.17	0.262488	6.9187e-007	4.17471e-009	165.727	22.1939	34.2705	19.968
-0.15	-0.8	0.813941	1.05084e-008	9.10496e-009	1.15413	0.62256	5.14014	3.9936
-0.12	0.77	0.779295	1.23434e-008	8.47837e-009	1.45586	1.6312	6.01821	5.3248
0.32	-0.02	0.320624	3.30022e-007	4.34056e-009	76.0315	18.8099	29.0985	19.968
-0.58	-0.16	0.601664	3.21454e-008	5.93761e-009	5.41383	7.33505	12.4484	11.9808
0.06	-0.5	0.503587	6.20946e-008	5.21748e-009	11.9012	10.7559	17.1295	15.964
-0.34	0.12	0.360555	2.13764e-007	4.48445e-009	47.6675	16.7822	26.0227	19.968
0.71	-0.34	0.78721	1.18903e-008	8.82629e-009	1.34714	1.29414	5.71492	5.3248
0.8	0.31	0.857963	8.64763e-009	1.03833e-008	0.832833	-0.794421	4.05821	3.9936
0.63	0.16	0.65	2.41519e-008	6.38852e-009	3.78049	5.77548	10.4797	7.9872
-0.19	0.78	0.802808	1.10578e-008	8.6455e-009	1.27901	1.06875	5.51762	5.3248
0.37	-0.11	0.386005	1.66087e-007	4.58507e-009	36.2231	15.5899	24.227	19.968
0.64	-0.17	0.662193	2.25469e-008	6.52998e-009	3.4528	5.38172	10.004	7.9872
0.15	-0.26	0.300167	4.21201e-007	4.27725e-009	98.4738	19.9332	30.8111	19.968
-0.16	0.65	0.669403	2.16614e-008	6.63682e-009	3.2638	5.13724	9.71351	7.9872
-0.29	-0.67	0.730068	1.57139e-008	7.10597e-009	2.21136	3.44659	7.81478	5.3248
0.36	0.24	0.432666	1.08884e-007	4.8073e-009	22.6495	13.5506	21.1888	19.968
0.45	0.17	0.481041	7.35627e-008	5.06988e-009	14.5096	11.6166	18.3629	15.964
-0.33	-0.12	0.351141	2.35748e-007	4.44924e-009	52.9857	17.2416	26.7173	19.968
0.1	0.46	0.470744	7.96941e-008	5.00343e-009	15.9278	12.0216	18.949	15.964
-0.05	-0.22	0.22561	1.21144e-006	4.08855e-009	296.298	24.7173	38.1446	19.968
-0.5	0.25	0.559017	4.21947e-008	5.63749e-009	7.48461	8.74169	14.3225	11.9808
0.16	0.64	0.659697	2.28642e-008	6.52311e-009	3.50508	5.44699	10.0822	7.9872
-0.17	0.27	0.319061	3.36044e-007	4.33547e-009	77.5098	18.8936	29.2259	19.968
0.52	0.42	0.668431	2.17781e-008	6.71857e-009	3.24147	5.10742	9.67833	7.9872
0	0.71	0.71	1.7421e-008	7.40457e-009	2.35273	3.71572	8.10335	7.9872
-0.47	-0.39	0.610737	3.04137e-008	6.07202e-009	5.00879	6.99733	12.0114	11.9808
0.58	0.27	0.639766	2.56125e-008	6.4223e-009	3.98804	6.00759	10.7643	10.6496
0.54	-0.09	0.547449	4.55889e-008	5.46543e-009	8.34127	9.21232	14.9668	11.9808
0.55	0.1	0.559017	4.21947e-008	5.55274e-009	7.59883	8.80747	14.4121	11.9808
-0.47	0.73	0.868217	8.27573e-009	8.8029e-009	0.94011	-0.268214	4.43921	3.9936
0.01	-0.75	0.750067	1.42187e-008	8.10687e-009	1.7539	2.44005	6.78543	5.3248
0.83	-0.07	0.832947	9.64821e-009	8.3736e-009	1.15221	0.615322	5.13416	3.9936
0.66	0.06	0.662722	2.24804e-008	6.38169e-009	3.52263	5.46867	10.1082	7.9872
0.25	-0.65	0.696419	1.87115e-008	6.78119e-009	2.7593	4.40799	8.87001	7.9872
0.03	-0.63	0.630714	2.69992e-008	6.33315e-009	4.26312	6.29728	11.1239	10.6496
0.05	0.54	0.54231	4.72079e-008	5.4987e-009	8.58521	9.33751	15.1395	11.9808
-0.18	-0.01	0.180278	2.77809e-006	4.00276e-009	694.035	28.4138	43.8329	19.968
-0.01	-0.36	0.360139	2.1468e-007	4.48487e-009	47.8672	16.8004	26.0501	19.968
-0.45	0.66	0.798812	1.12638e-008	7.88954e-009	1.42768	1.54632	5.94091	5.3248
0.46	0.54	0.709366	1.74787e-008	6.96318e-009	2.51015	3.997	8.41069	7.9872
-0.29	-0.8	0.850941	8.91462e-009	9.01499e-009	0.988862	-0.0486434	4.60545	3.9936
0.29	0.39	0.486004	7.0821e-008	5.06754e-009	13.9753	11.4536	18.1281	15.964
-0.5	0.1	0.509902	5.92965e-008	5.22222e-009	11.3546	10.5517	16.8395	15.964
0.49	-0.06	0.49366	6.68417e-008	5.11243e-009	13.0742	11.1642	17.7124	15.964
0.42	0.05	0.422966	1.18413e-007	4.74159e-009	24.9732	13.9747	21.8165	19.968
0.48	0.44	0.651153	2.3994e-008	6.45575e-009	3.71667	5.70154	10.3896	7.9872
-0.52	-0.43	0.674759	2.10319e-008	6.78616e-009	3.09922	4.91253	9.44984	7.9872
0.15	0.32	0.353412	2.30192e-007	4.4531e-009	51.692	17.1342	26.5549	19.968
-0.36	-0.52	0.632456	2.67251e-008	6.10394e-009	4.3783	6.41306	11.2689	10.6496
-0.28	-0.28	0.39598	1.51126e-007	4.62655e-009	32.6647	15.1408	23.554	19.968
0.68	0.15	0.696348	1.87186e-008	6.86349e-009	2.72726	4.35726	8.81267	7.9872
-0.13	0.02	0.131529	8.91959e-006	3.93363e-009	2267.5	33.5555	51.7563	19.968
0.52	0.55	0.756902	1.37494e-008	7.69662e-009	1.78641	2.51982	6.86404	5.3248
-0.01	0.3	0.300167	4.21201e-007	4.27966e-009	98.4183	19.9308	30.8074	19.968
0.6	-0.6	0.848528	9.00876e-009	9.47246e-009	0.951044	-0.217995	4.47686	3.9936
-0.18	0.63	0.65521	2.34489e-008	6.43969e-009	3.64129	5.61255	10.2817	7.9872
0.59	0.37	0.696419	1.87115e-008	7.18789e-009	2.60318	4.15504	8.5859	7.9872
0.66	0.41	0.776981	1.24799e-008	8.65176e-009	1.44246	1.59104	5.98156	5.3248
-0.22	0.48	0.528015	5.21121e-008	5.32061e-009	9.79431	9.90974	15.9352	11.9808
0.03	0.17	0.172627	3.26159e-006	3.99044e-009	817.343	29.124	44.9269	19.968
0.6	0.5	0.781025	1.22425e-008	8.46465e-009	1.4463	1.60259	5.99208	5.3248
-0.74	-0.05	0.741687	1.48222e-008	7.1847e-009	2.06301	3.14502	7.49799	5.3248
-0.56	0.17	0.585235	3.5613e-008	5.80733e-009	6.13237	7.87629	13.1596	11.9808
0.55	0.5	0.743303	1.47033e-008	7.6819e-009	1.91401	2.81944	7.16396	5.3248
0.01	0.51	0.510098	5.92122e-008	5.26915e-009	11.2375	10.5067	16.7757	15.964
0.45	-0.35	0.570088	3.92415e-008	5.71402e-009	6.86754	8.36801	13.8167	11.9808
-0.33	-0.18	0.375899	1.83218e-007	4.54755e-009	40.2889	16.0519	24.9214	19.968
0.08	-0.85	0.853756	8.80632e-009	1.05447e-008	0.835136	-0.782426	4.06662	3.9936
0.06	0.62	0.622896	2.82743e-008	6.23193e-009	4.53697	6.56766	11.4637	10.6496
0.49	0.4	0.632535	2.67127e-008	6.30012e-009	4.24001	6.27367	11.0944	10.6496
0.49	-0.71	0.86267	8.47431e-009	8.7996e-009	0.963029	-0.163607	4.51788	3.9936
0.36	-0.06	0.364966	2.04361e-007	4.49741e-009	45.4392	16.5743	25.7088	19.968
0.34	-0.17	0.380132	1.75782e-007	4.56478e-009	38.508	15.8555	24.6261	19.968
-0.86	0.07	0.862844	8.46799e-009	8.80444e-009	0.961782	-0.169233	4.51362	3.9936
-0.26	0.41	0.485489	7.10992e-008	5.05973e-009	14.0519	11.4773	18.1623	15.964
-0.42	0.4	0.58	3.68168e-008	5.75902e-009	6.39286	8.05695	13.3999	11.9808
-0.73	-0.15	0.745252	1.45616e-008	7.45437e-009	1.95342	2.90796	7.25394	5.3248
-0.3	0.35	0.460977	8.61224e-008	4.93576e-009	17.4485	12.4176	19.5252	15.964
0.05	-0.25	0.254951	7.7062e-007	4.15582e-009	185.43	22.6818	35.0187	19.968
0.34	0.47	0.580086	3.67966e-008	5.68645e-009	6.47089	8.10964	13.4702	11.9808
0.34	-0.41	0.532635	5.04592e-008	5.3645e-009	9.40607	9.73408	15.6899	11.9808
-0.39	0.01	0.390128	1.59685e-007	4.5954e-009	34.7485	15.4094	23.9563	19.968
-0.87	0.12	0.878237	7.93171e-009	9.29018e-009	0.85377	-0.68659	4.13429	3.9936
0.04	-0.18	0.184391	2.55561e-006	4.00974e-009	637.344	28.0437	43.263	19.968
0.26	0.21	0.334215	2.83029e-007	4.38904e-009	64.4849	18.0946	28.0108	19.968
-0.31	0.81	0.867295	8.30832e-009	9.21199e-009	0.901899	-0.448419	4.30598	3.9936
0.29	0.33	0.439318	1.02908e-007	4.8248e-009	21.3288	13.2897	20.8039	19.968
0.25	-0.45	0.514782	5.72434e-008	5.23151e-009	10.942	10.391	16.612	15.964
-0.7	0.4	0.806226	1.08853e-008	9.35455e-009	1.16363	0.658158	5.16961	3.9936
0.72	-0.45	0.849058	8.98796e-009	1.05511e-008	0.851851	-0.696364	4.12735	3.9936
-0.07	0.64	0.643817	2.50213e-008	6.45839e-009	3.87421	5.88183	10.6097	7.9872
0.3	0.69	0.752396	1.40565e-008	7.36796e-009	1.90778	2.80528	7.14962	5.3248
0.61	-0.62	0.86977	8.22117e-009	9.90012e-009	0.830407	-0.807088	4.04934	3.9936
-0.33	0.36	0.488365	6.95627e-008	5.09393e-009	13.6559	11.3532	17.9837	15.964
0.74	0.1	0.746726	1.44555e-008	7.33362e-009	1.97112	2.94712	7.29395	5.3248
0.54	0.77	0.940479	6.15657e-009	1.01126e-008	0.608799	-2.15526	3.18493	2.6624
0	0.75	0.75	1.42234e-008	8.10702e-009	1.75445	2.4414	6.78675	5.3248
0.14	0.24	0.277849	5.60581e-007	4.21405e-009	133.025	21.2393	32.8081	19.968
-0.26	-0.22	0.340588	2.63926e-007	4.41104e-009	59.8326	17.7694	27.5172	19.968
0.12	0.43	0.44643	9.69709e-008	4.86522e-009	19.9313	12.9954	20.3709	19.968
-0.35	-0.35	0.494975	6.6187e-008	5.14059e-009	12.8753	11.0976	17.6171	15.964
0.09	-0.4	0.41	1.32871e-007	4.69085e-009	28.3253	14.5217	22.6296	19.968
-0.22	-0.59	0.629682	2.71632e-008	6.1243e-009	4.43528	6.46921	11.3395	10.6496
0.16	-0.44	0.468188	8.13158e-008	4.97379e-009	16.3488	12.1348	19.1135	15.964
0.37	-0.49	0.614003	2.98194e-008	5.96371e-009	5.0001	6.98979	12.0017	11.9808
-0.31	-0.52	0.605392	3.14191e-008	5.86651e-009	5.35563	7.2881	12.3873	11.9808
-0.43	-0.62	0.75452	1.39107e-008	7.34978e-009	1.89266	2.77072	7.11469	5.3248
0.05	-0.3	0.304138	4.01206e-007	4.29116e-009	93.4952	19.7079	30.4672	19.968
0.08	-0.18	0.196977	2.00166e-006	4.03184e-009	496.46	26.9588	41.5927	19.968
0.12	-0.86	0.868332	8.27167e-009	1.07847e-008	0.766981	-1.15215	3.81312	2.6624
-0.08	0.57	0.575587	3.78722e-008	5.76059e-009	6.57431	8.1785	13.5623	11.9808
-0.04	-0.57	0.571402	3.89086e-008	5.74154e-009	6.77664	8.31015	13.7389	11.9808
-0.36	0.2	0.411825	1.30705e-007	4.70576e-009	27.7753	14.4366	22.5028	19.968
0.57	0.02	0.570351	3.91746e-008	5.603e-009	6.99166	8.44581	13.9216	11.9808
0.14	0.53	0.548179	4.53647e-008	5.50063e-009	8.24711	9.16302	14.8989	11.9808
-0.23	-0.61	0.65192	2.38897e-008	6.32968e-009	3.77421	5.76826	10.4709	7.9872
-0.26	-0.3	0.396989	1.4971e-007	4.62808e-009	32.3479	15.0985	23.4907	19.968
0.51	-0.11	0.521728	5.44737e-008	5.30161e-009	10.2749	10.1178	16.227	15.964
-0.38	-0.32	0.49679	6.52967e-008	5.1656e-009	12.6406	11.0177	17.5028	15.964
-0.48	-0.44	0.651153	2.3994e-008	6.45575e-009	3.71667	5.70154	10.3896	7.9872
0.54	-0.39	0.666108	2.20605e-008	6.73348e-009	3.27622	5.15373	9.73298	7.9872
-0.5	-0.8	0.943398	6.08637e-009	9.93937e-009	0.612348	-2.13002	3.19968	2.6624
0.8	0.22	0.829699	9.78869e-009	9.10736e-009	1.07481	0.313299	4.88882	3.9936
0.51	0.47	0.693542	1.90004e-008	6.9579e-009	2.73074	4.36281	8.81893	7.9872
-0.09	0.41	0.419762	1.21792e-007	4.73673e-009	25.7121	14.1014	22.0044	19.968
-0.57	-0.26	0.626498	2.76775e-008	6.27099e-009	4.41355	6.44788	11.3127	10.6496
0.4	-0.51	0.648151	2.44077e-008	6.27741e-009	3.88816	5.89744	10.6289	7.9872
0.07	-0.16	0.174642	3.12446e-006	3.9936e-009	782.361	28.9341	44.6343	19.968
-0.65	-0.09	0.656201	2.33181e-008	6.35088e-009	3.67161	5.64857	10.3253	7.9872
-0.15	0.52	0.541202	4.75663e-008	5.44306e-009	8.73883	9.41453	15.246	11.9808
0.35	0.31	0.467547	8.17292e-008	4.98662e-009	16.3896	12.1457	19.1293	15.964
0.52	0.67	0.848116	9.02498e-009	8.77818e-009	1.02811	0.120403	4.73635	3.9936
-0.4	-0.27	0.482597	7.26886e-008	5.08752e-009	14.2875	11.5496	18.2663	15.964
0.14	0.19	0.236008	1.02541e-006	4.111e-009	249.429	23.9695	36.9955	19.968
-0.23	0.09	0.246982	8.66702e-007	4.1367e-009	209.513	23.2121	35.8325	19.968
0.1	-0.2	0.223607	1.25209e-006	4.08407e-009	306.576	24.8654	38.3723	19.968
-0.7	0.28	0.753923	1.39515e-008	8.02294e-009	1.73894	2.40284	6.74894	5.3248
-0.29	-0.21	0.35805	2.1935e-007	4.47623e-009	49.0028	16.9022	26.204	19.968
-0.55	0.73	0.914002	6.84266e-009	9.8455e-009	0.695001	-1.58014	3.53454	2.6624
-0.17	0.73	0.749533	1.42562e-008	7.74495e-009	1.8407	2.64983	6.99329	5.3248
-0.13	0.73	0.741485	1.48372e-008	7.73779e-009	1.91749	2.82732	7.17194	5.3248
-0.17	0.36	0.398121	1.48141e-007	4.62971e-009	31.9977	15.0512	23.4199	19.968
-0.57	0.03	0.570789	3.90634e-008	5.60803e-009	6.96558	8.42957	13.8997	11.9808
0.23	0.81	0.842021	9.26903e-009	9.24387e-009	1.00272	0.0117867	4.65195	3.9936
-0.2	-0.06	0.208806	1.61317e-006	4.05427e-009	397.89	25.9976	40.1136	19.968
-0.03	0.35	0.351283	2.35395e-007	4.45097e-009	52.8858	17.2334	26.7049	19.968
-0.83	0.03	0.830542	9.75197e-009	8.25589e-009	1.18121	0.72326	5.2238	3.9936
0.36	-0.11	0.376431	1.82262e-007	4.54588e-009	40.0935	16.0307	24.8896	19.968
-0.81	-0.19	0.831986	9.6895e-009	8.95253e-009	1.08231	0.343537	4.91302	3.9936
-0.46	-0.8	0.922822	6.6038e-009	9.5715e-009	0.689942	-1.61188	3.51452	2.6624
0.18	0.53	0.559732	4.19956e-008	5.56335e-009	7.54856	8.77864	14.3728	11.9808
0.26	-0.38	0.460435	8.64985e-008	4.92502e-009	17.563	12.446	19.5666	15.964
-0.73	0.32	0.797057	1.13558e-008	8.97879e-009	1.26474	1.02	5.47552	5.3248
0.81	0.05	0.811542	1.06238e-008	8.03577e-009	1.32206	1.2125	5.64295	5.3248
0.54	-0.09	0.547449	4.55889e-008	5.46543e-009	8.34127	9.21232	14.9668	11.9808
0.55	-0.43	0.69814	1.85414e-008	7.13083e-009	2.60016	4.14999	8.58027	7.9872
0.54	-0.57	0.785175	1.20048e-008	8.14018e-009	1.47475	1.68718	6.06952	5.3248
-0.05	-0.64	0.64195	2.52915e-008	6.45182e-009	3.92004	5.93291	10.6724	10.6496
-0.78	-0.3	0.835703	9.53097e-009	9.75943e-009	0.976588	-0.102888	4.56398	3.9936
0.36	-0.4	0.538145	4.85739e-008	5.41212e-009	8.97495	9.53032	15.4064	11.9808
-0.36	-0.68	0.769415	1.294e-008	7.48206e-009	1.72946	2.37912	6.72572	5.3248
-0.37	0.74	0.827345	9.89211e-009	8.24549e-009	1.19969	0.790708	5.28034	3.9936
0	0.61	0.61	3.05499e-008	6.11545e-009	4.99549	6.98578	11.9966	11.9808
-0.69	0.1	0.697209	1.86332e-008	6.77483e-009	2.75034	4.39387	8.85403	7.9872
-0.32	-0.84	0.898888	7.27812e-009	9.81751e-009	0.741337	-1.29984	3.71519	2.6624
0.01	-0.67	0.670075	2.15811e-008	6.82041e-009	3.16418	5.00261	9.55515	7.9872
0.22	-0.16	0.272029	6.06249e-007	4.19974e-009	144.353	21.5943	33.3516	19.968
0.37	0.07	0.376563	1.82024e-007	4.54325e-009	40.0644	16.0276	24.8849	19.968
0.24	-0.04	0.243311	9.16083e-007	4.12769e-009	221.934	23.4622	36.2165	19.968
0.27	-0.44	0.516236	5.66487e-008	5.24075e-009	10.8092	10.3379	16.5371	15.964
-0.71	0.27	0.759605	1.35692e-008	8.08795e-009	1.6777	2.24714	6.59747	5.3248
0.53	-0.62	0.815659	1.04267e-008	8.44684e-009	1.23439	0.914512	5.38515	5.3248
0.39	-0.78	0.872067	8.14135e-009	8.88478e-009	0.916321	-0.379523	4.35658	3.9936
-0.68	-0.32	0.751532	1.41164e-008	8.08043e-009	1.74698	2.42288	6.76858	5.3248
0.86	-0.01	0.860058	8.56993e-009	8.64331e-009	0.991505	-0.037049	4.61435	3.9936
-0.66	0.18	0.684105	1.99883e-008	6.78894e-009	2.94422	4.68971	9.19165	7.9872
-0.69	0.07	0.693542	1.90004e-008	6.69305e-009	2.8388	4.53135	9.01019	7.9872
0.44	-0.25	0.506063	6.09779e-008	5.24175e-009	11.633	10.6569	16.9888	15.964
-0.59	0.4	0.712811	1.71682e-008	7.42095e-009	2.31346	3.64262	8.02443	7.9872
-0.68	-0.47	0.82662	9.92428e-009	9.79485e-009	1.01321	0.056992	4.68695	3.9936
-0.16	-0.65	0.669403	2.16614e-008	6.63682e-009	3.2638	5.13724	9.71351	7.9872
0.56	-0.43	0.706045	1.77848e-008	7.25633e-009	2.45092	3.8933	8.29671	7.9872
0.79	-0.01	0.790063	1.17322e-008	7.72019e-009	1.51968	1.81751	6.19003	5.3248
0.52	-0.8	0.954149	5.83647e-009	1.01751e-008	0.573604	-2.41388	3.03676	2.6624
0.47	0.56	0.731095	1.56324e-008	7.21326e-009	2.16717	3.35893	7.72197	5.3248
0.28	-0.37	0.464004	8.40618e-008	4.94676e-009	16.9932	12.3027	19.3578	15.964
0.51	0.6	0.787464	1.18762e-008	7.99633e-009	1.48519	1.71783	6.09774	5.3248
-0.72	-0.28	0.772528	1.27481e-008	8.34989e-009	1.52674	1.83764	6.20877	5.3248
0.09	-0.82	0.824924	9.99995e-009	9.66652e-009	1.03449	0.147262	4.75738	3.9936
0.72	0.17	0.739797	1.49628e-008	7.44651e-009	2.00936	3.03058	7.37962	5.3248
-0.29	0.13	0.317805	3.40985e-007	4.33456e-009	78.6658	18.9579	29.3238	19.968
0.64	0.16	0.659697	2.28642e-008	6.48705e-009	3.52457	5.47106	10.1111	7.9872
-0.29	-0.8	0.850941	8.91462e-009	9.01499e-009	0.988862	-0.0486434	4.60545	3.9936
-0.04	-0.49	0.49163	6.78685e-008	5.14343e-009	13.1951	11.2041	17.7697	15.964
-0.13	0.19	0.230217	1.12414e-006	4.09821e-009	274.297	24.3822	37.6296	19.968
0.16	0.62	0.640312	2.55317e-008	6.30911e-009	4.04677	6.07109	10.8428	10.6496
0.3	0.47	0.557584	4.25973e-008	5.51331e-009	7.7262	8.87966	14.5106	11.9808
0.92	0.02	0.920217	6.67322e-009	9.54492e-009	0.699135	-1.55439	3.55086	2.6624
0.54	-0.52	0.749667	1.42468e-008	7.71092e-009	1.84761	2.6661	7.00956	5.3248
-0.23	-0.81	0.842021	9.26903e-009	9.24387e-009	1.00272	0.0117867	4.65195	3.9936
0.12	0.16	0.2	1.89199e-006	4.03741e-009	468.611	26.7081	41.2069	19.968
0.25	-0.49	0.550091	4.4784e-008	5.46231e-009	8.19866	9.13743	14.8638	11.9808
0.1	0.86	0.865794	8.36171e-009	1.08286e-008	0.772187	-1.12277	3.83282	2.6624
-0.54	0.44	0.696563	1.86972e-008	7.08354e-009	2.63951	4.21524	8.6531	7.9872
0.49	0.56	0.74411	1.46444e-008	7.42235e-009	1.97301	2.95129	7.29821	5.3248
-0.54	0.3	0.617738	2.91578e-008	6.19597e-009	4.7059	6.72643	11.665	10.6496
0.21	0.75	0.778845	1.23697e-008	8.09008e-009	1.52899	1.84406	6.21476	5.3248
-0.07	-0.27	0.278927	5.52609e-007	4.21779e-009	131.017	21.1733	32.707	19.968
0.72	0.36	0.804984	1.09475e-008	9.27491e-009	1.18033	0.720047	5.22112	3.9936
0.74	0.06	0.742428	1.47675e-008	7.20652e-009	2.04918	3.1158	7.46767	5.3248
-0.3	0.24	0.384187	1.69013e-007	4.58002e-009	36.902	15.6705	24.3481	19.968
0.68	-0.23	0.717844	1.6727e-008	7.32954e-009	2.28213	3.5834	7.96079	5.3248
0.35	-0.14	0.376962	1.81314e-007	4.55025e-009	39.8467	16.0039	24.8493	19.968
-0.43	0.81	0.917061	6.75861e-009	9.51863e-009	0.710037	-1.48719	3.5937	2.6624
-0.54	-0.49	0.729178	1.57851e-008	7.46659e-009	2.11408	3.25122	7.60875	5.3248
0.55	0.26	0.608358	3.0856e-008	6.08605e-009	5.06992	7.05001	12.0792	11.9808
-0.22	0.57	0.610983	3.03685e-008	5.95363e-009	5.1008	7.07638	12.1132	11.9808
-0.33	-0.35	0.481041	7.35627e-008	5.05298e-009	14.5582	11.6311	18.3839	15.964
0.08	-0.31	0.320156	3.31811e-007	4.34084e-009	76.4387	18.8331	29.1338	19.968
-0.24	-0.26	0.353836	2.29172e-007	4.45677e-009	51.4207	17.1114	26.5203	19.968
-0.54	-0.74	0.916079	6.78545e-009	9.78813e-009	0.69323	-1.59123	3.52754	2.6624
0.64	0.25	0.687095	1.96683e-008	6.96479e-009	2.82395	4.50857	8.98422	7.9872
-0.51	0.34	0.612944	3.00105e-008	6.1378e-009	4.88943	6.89259	11.877	10.6496
0.89	-0.02	0.890225	7.54365e-009	9.08817e-009	0.830048	-0.80897	4.04802	3.9936
0.77	-0.01	0.770065	1.28997e-008	7.47938e-009	1.72469	2.36711	6.714	5.3248
0.22	0.13	0.255539	7.64083e-007	4.15755e-009	183.78	22.643	34.9592	19.968
0.06	-0.37	0.374833	1.85152e-007	4.54118e-009	40.7715	16.1036	24.9992	19.968
0.5	-0.44	0.666033	2.20697e-008	6.64637e-009	3.32054	5.21209	9.80206	7.9872
0.37	0.72	0.809506	1.0723e-008	7.99167e-009	1.34176	1.27676	5.69955	5.3248
-0.14	0.54	0.557853	4.25213e-008	5.57504e-009	7.62704	8.82356	14.434	11.9808
0.06	0.13	0.143178	6.51606e-006	3.94807e-009	1650.43	32.176	49.6298	19.968
0.4	-0.24	0.466476	8.24254e-008	4.99264e-009	16.5093	12.1773	19.1752	15.964
0.45	-0.04	0.451774	9.27941e-008	4.88083e-009	19.0118	12.7902	20.0701	19.968
0.11	-0.84	0.847172	9.06224e-009	1.01948e-008	0.888902	-0.511463	4.26004	3.9936
0.9	0.09	0.904489	7.11276e-009	9.54684e-009	0.745035	-1.27823	3.7294	2.6624
0.41	0.12	0.4272	1.14128e-007	4.77116e-009	23.9203	13.7877	21.5394	19.968
-0.36	0.32	0.481664	7.32112e-008	5.06863e-009	14.4439	11.5968	18.3345	15.964
-0.54	-0.34	0.638122	2.58574e-008	6.41945e-009	4.02796	6.05085	10.8177	10.6496
-0.37	0.55	0.662873	2.24615e-008	6.37207e-009	3.52497	5.47156	10.1117	7.9872
0.34	0.48	0.588218	3.49494e-008	5.7458e-009	6.08255	7.84086	13.1127	11.9808
-0.85	0.2	0.873212	8.10189e-009	9.81117e-009	0.825779	-0.83136	4.03238	3.9936
-0.7	0.35	0.782624	1.21502e-008	8.7492e-009	1.38872	1.42613	5.83252	5.3248
-0.21	-0.33	0.391152	1.58143e-007	4.59978e-009	34.3803	15.3631	23.8869	19.968
0.49	-0.71	0.86267	8.47431e-009	8.7996e-009	0.963029	-0.163607	4.51788	3.9936
0.62	0.02	0.620322	2.87108e-008	5.98888e-009	4.79399	6.80697	11.7676	10.6496
0.18	0.06	0.189737	2.29917e-006	4.01898e-009	572.072	27.5745	42.5405	19.968
0.16	-0.03	0.162788	4.05252e-006	3.97532e-009	1019.41	30.0835	46.405	19.968
-0.7	-0.47	0.843149	9.22326e-009	1.03031e-008	0.89519	-0.480849	4.2823	3.9936
0.31	0.55	0.631348	2.6899e-008	6.07904e-009	4.42485	6.45898	11.3266	10.6496
-0.24	-0.06	0.247386	8.6147e-007	4.13739e-009	208.214	23.1851	35.791	19.968
0.19	0.19	0.268701	6.34507e-007	4.19045e-009	151.416	21.8017	33.6694	19.968
0.31	-0.31	0.438406	1.03702e-007	4.82507e-009	21.4921	13.3228	20.8527	19.968
-0.62	-0.13	0.633482	2.65651e-008	6.18813e-009	4.29289	6.3275	11.1617	10.6496
0.18	0.05	0.186815	2.43502e-006	4.01387e-009	606.646	27.8293	42.9329	19.968
-0.49	-0.2	0.529245	5.16655e-008	5.39311e-009	9.57985	9.81359	15.8008	11.9808
0.4	0.46	0.60959	3.0626e-008	5.96188e-009	5.13693	7.10704	12.1528	11.9808
0.41	0.44	0.601415	3.21948e-008	5.91079e-009	5.44675	7.36137	12.4827	11.9808
0.46	-0.47	0.657647	2.31289e-008	6.47152e-009	3.57394	5.53147	10.1838	7.9872
-0.5	0.55	0.743303	1.47033e-008	7.45433e-009	1.97244	2.95004	7.29694	5.3248
0.73	0.24	0.76844	1.30009e-008	8.12487e-009	1.60013	2.04155	6.40056	5.3248
0.18	-0.05	0.186815	2.43502e-006	4.01387e-009	606.646	27.8293	42.9329	19.968
0.17	-0.09	0.192354	2.18553e-006	4.02365e-009	543.165	27.3493	42.1938	19.968
0.03	-0.43	0.431045	1.10407e-007	4.79892e-009	23.0064	13.6185	21.2891	19.968
-0.54	0.61	0.814678	1.04733e-008	8.50202e-009	1.23185	0.90558	5.37754	5.3248
0.06	-0.18	0.189737	2.29917e-006	4.01892e-009	572.08	27.5746	42.5406	19.968
0.66	0.13	0.672681	2.12733e-008	6.56998e-009	3.23794	5.10269	9.67276	7.9872
-0.5	-0.43	0.659469	2.28934e-008	6.58071e-009	3.47884	5.41434	10.0431	7.9872
0.81	-0.26	0.850706	8.92374e-009	9.82995e-009	0.907808	-0.420061	4.32675	3.9936
0.06	-0.72	0.722496	1.6332e-008	7.56823e-009	2.15796	3.34043	7.70246	5.3248
0.62	-0.63	0.883912	7.74492e-009	1.02422e-008	0.756172	-1.2138	3.77201	2.6624
0.65	-0.17	0.671863	2.13693e-008	6.63322e-009	3.22154	5.08064	9.64679	7.9872
-0.34	-0.09	0.35171	2.3434e-007	4.44968e-009	52.664	17.2151	26.6773	19.968
-0.13	-0.66	0.672681	2.12733e-008	6.73036e-009	3.16078	4.99795	9.54968	7.9872
-0.78	0.09	0.785175	1.20048e-008	7.78754e-009	1.54153	1.87951	6.24787	5.3248
-0.42	0.39	0.573149	3.84715e-008	5.70766e-009	6.74029	8.28679	13.7075	11.9808
-0.02	-0.7	0.700286	1.83321e-008	7.24875e-009	2.52898	4.02946	8.44653	7.9872
0.17	0.66	0.681542	2.02678e-008	6.7655e-009	2.99574	4.76504	9.27858	7.9872
-0.27	-0.07	0.278927	5.52609e-007	4.21771e-009	131.02	21.1734	32.7071	19.968
-0.07	-0.22	0.230868	1.11246e-006	4.09978e-009	271.344	24.3352	37.5574	19.968
0.15	0.7	0.715891	1.68965e-008	7.27689e-009	2.32193	3.65848	8.04152	7.9872
0.5	-0.1	0.509902	5.92965e-008	5.22222e-009	11.3546	10.5517	16.8395	15.964
-0.62	0.54	0.822192	1.01235e-008	9.25756e-009	1.09353	0.388304	4.94899	3.9936
-0.62	0.16	0.640312	2.55317e-008	6.29286e-009	4.05723	6.08229	10.8566	10.6496
0.43	0.39	0.580517	3.66957e-008	5.77431e-009	6.35494	8.03111	13.3655	11.9808
-0.25	0.46	0.523546	5.37772e-008	5.28634e-009	10.1728	10.0744	16.166	15.964
0.56	-0.35	0.660379	2.2777e-008	6.69052e-009	3.40434	5.32033	9.93073	7.9872
0.64	-0.62	0.891067	7.5173e-009	1.06362e-008	0.706765	-1.50725	3.58087	2.6624
0.36	-0.77	0.85	8.95117e-009	8.62703e-009	1.03757	0.16017	4.76751	3.9936
0.54	0.33	0.632851	2.66634e-008	6.36121e-009	4.19154	6.22373	11.0322	10.6496
-0.6	0.42	0.732393	1.55302e-008	7.73103e-009	2.0088	3.02936	7.37837	5.3248
0.21	-0.63	0.664078	2.2311e-008	6.48755e-009	3.43903	5.36436	9.98327	7.9872
-0.63	-0.62	0.883912	7.74492e-009	1.0377e-008	0.746355	-1.27055	3.73447	2.6624
-0.32	-0.25	0.406079	1.3768e-007	4.67638e-009	29.4414	14.6896	22.8798	19.968
0.19	-0.64	0.667608	2.18777e-008	6.56148e-009	3.33424	5.22997	9.82326	7.9872
-0.62	-0.25	0.668506	2.17691e-008	6.73381e-009	3.23279	5.09578	9.66461	7.9872
-0.64	0.36	0.734302	1.53813e-008	7.81463e-009	1.96826	2.94082	7.28751	5.3248
-0.59	0.18	0.616847	2.93139e-008	6.09528e-009	4.80925	6.82077	11.7852	10.6496
-0.38	0.5	0.628013	2.74313e-008	6.08544e-009	4.50767	6.53952	11.4281	10.6496
-0.84	-0.15	0.853288	8.82423e-009	9.06193e-009	0.973765	-0.115459	4.55441	3.9936
-0.73	0.15	0.745252	1.45616e-008	7.45437e-009	1.95342	2.90796	7.25394	5.3248
0.89	-0.01	0.890056	7.54893e-009	9.07673e-009	0.831676	-0.800456	4.05398	3.9936
-0.57	-0.21	0.607454	3.10264e-008	6.03926e-009	5.13742	7.10745	12.1533	11.9808
-0.15	0.26	0.300167	4.21201e-007	4.27725e-009	98.4738	19.9332	30.8111	19.968
0.13	-0.31	0.336155	2.77035e-007	4.39254e-009	63.0689	17.9981	27.8643	19.968
-0.45	0.11	0.463249	8.45698e-008	4.95361e-009	17.0722	12.3229	19.3872	15.964
-0.53	-0.54	0.756637	1.37672e-008	7.74337e-009	1.77792	2.49913	6.84361	5.3248
-0.34	-0.15	0.371618	1.91149e-007	4.52927e-009	42.2027	16.2534	25.2249	19.968
0.47	-0.86	0.980051	5.28579e-009	1.05224e-008	0.502336	-2.99006	2.72632	2.6624
-0.37	-0.48	0.606053	3.12926e-008	5.90186e-009	5.30212	7.2445	12.3307	11.9808
0.15	0.03	0.152971	5.1013e-006	3.96122e-009	1287.8	31.0985	47.9691	19.968
0.46	-0.67	0.812712	1.05673e-008	8.07977e-009	1.30787	1.16564	5.60189	5.3248
-0.52	0.08	0.526118	5.28108e-008	5.31795e-009	9.93059	9.96975	16.0192	15.964
-0.33	0.72	0.792023	1.16252e-008	7.83479e-009	1.48379	1.71371	6.09394	5.3248
0.16	0.71	0.727805	1.58955e-008	7.42905e-009	2.13963	3.30339	7.66348	5.3248
-0.84	-0.07	0.842912	9.23287e-009	8.5144e-009	1.08438	0.351805	4.91965	3.9936
0.8	0.2	0.824621	1.00136e-008	8.88513e-009	1.127	0.519231	5.05523	3.9936
-0.36	-0.4	0.538145	4.85739e-008	5.41212e-009	8.97495	9.53032	15.4064	11.9808
-0.29	0.58	0.64846	2.43648e-008	6.23704e-009	3.90645	5.91782	10.6539	10.6496
-0.53	-0.79	0.951315	5.90106e-009	1.01912e-008	0.579035	-2.37295	3.05985	2.6624
0.4	0.29	0.494065	6.66392e-008	5.15711e-009	12.9217	11.1132	17.6394	15.964
-0.2	0.81	0.834326	9.58931e-009	9.27702e-009	1.03366	0.143771	4.75465	3.9936
-0.26	0.44	0.511077	5.87935e-008	5.20876e-009	11.2873	10.5259	16.803	15.964
0.08	-0.61	0.615224	2.96011e-008	6.13682e-009	4.82349	6.83362	11.8016	10.6496
0.06	-0.28	0.286356	5.01389e-007	4.23864e-009	118.289	20.7294	32.0279	19.968
-0.6	-0.06	0.602993	3.18842e-008	5.86413e-009	5.43712	7.35369	12.4726	11.9808
0.17	0.58	0.604401	3.16103e-008	5.94381e-009	5.31815	7.2576	12.3477	11.9808
-0.23	0.28	0.362353	2.09865e-007	4.48745e-009	46.7667	16.6994	25.8975	19.968
-0.42	-0.24	0.483735	7.20578e-008	5.09663e-009	14.1382	11.5039	18.2006	15.964
-0.61	0.01	0.610082	3.05347e-008	5.90402e-009	5.17182	7.13643	12.1907	11.9808
0.48	-0.85	0.976166	5.36405e-009	1.04365e-008	0.513967	-2.89065	2.77798	2.6624
-0.65	-0.29	0.711758	1.72623e-008	7.37471e-009	2.34073	3.69352	8.07934	7.9872
-0.08	-0.02	0.0824621	5.01867e-005	3.88668e-009	12912.4	41.1101	63.4055	19.968
0.16	0.45	0.477598	7.55437e-008	5.02688e-009	15.0278	11.769	18.5831	15.964
0.28	-0.76	0.809938	1.07018e-008	8.30492e-009	1.28861	1.1012	5.54575	5.3248
0.66	-0.28	0.716938	1.68054e-008	7.43367e-009	2.2607	3.54243	7.91691	5.3248
-0.27	0.22	0.348281	2.4299e-007	4.43898e-009	54.7395	17.383	26.9315	19.968
-0.3	0.42	0.51614	5.66881e-008	5.24554e-009	10.8068	10.337	16.5358	15.964
-0.69	0.22	0.724224	1.61883e-008	7.38993e-009	2.19057	3.40558	7.77129	5.3248
0.09	0.38	0.390512	1.59104e-007	4.60419e-009	34.5561	15.3852	23.9201	19.968
0.72	-0.25	0.762168	1.34012e-008	8.06012e-009	1.66264	2.20799	6.5597	5.3248
0.77	0.21	0.798123	1.12998e-008	8.48221e-009	1.33217	1.24561	5.67206	5.3248
-0.02	0.16	0.161245	4.19787e-006	3.97308e-009	1056.57	30.239	46.6446	19.968
0.68	-0.01	0.680074	2.04302e-008	6.51909e-009	3.13389	4.96084	9.50625	7.9872
0.23	-0.07	0.240416	9.57555e-007	4.12126e-009	232.343	23.6613	36.5221	19.968
0.55	-0.07	0.554437	4.34989e-008	5.50503e-009	7.90161	8.97715	14.6439	11.9808
-0.06	-0.48	0.483735	7.20578e-008	5.09031e-009	14.1558	11.5093	18.2083	15.964
0.34	-0.75	0.823468	1.00655e-008	8.27381e-009	1.21655	0.851289	5.33146	5.3248
0.31	-0.8	0.857963	8.64763e-009	9.02495e-009	0.958187	-0.185499	4.50133	3.9936
0.7	0.38	0.796492	1.13857e-008	9.10438e-009	1.25056	0.971062	5.43348	5.3248
-0.69	-0.01	0.690072	1.93562e-008	6.61609e-009	2.92561	4.66216	9.15997	7.9872
0.54	-0.69	0.876185	8.00066e-009	9.27254e-009	0.86283	-0.640748	4.16695	3.9936
0.65	-0.03	0.650692	2.4057e-008	6.25292e-009	3.84729	5.85155	10.5726	7.9872
0.03	0.65	0.650692	2.4057e-008	6.56695e-009	3.66332	5.63875	10.3134	7.9872
-0.62	-0.34	0.707107	1.76862e-008	7.35609e-009	2.40429	3.80986	8.20557	7.9872
-0.11	0.79	0.797621	1.13261e-008	8.91286e-009	1.27076	1.04063	5.49331	5.3248
-0.09	0.49	0.498197	6.4617e-008	5.17376e-009	12.4893	10.9654	17.4281	15.964
0.11	-0.76	0.767919	1.30335e-008	8.28299e-009	1.57352	1.96873	6.33167	5.3248
0.74	0.4	0.84119	9.30299e-009	1.03157e-008	0.901828	-0.448762	4.30573	3.9936
-0.48	-0.76	0.898888	7.27812e-009	9.24514e-009	0.787234	-1.03896	3.88945	2.6624
0.14	-0.42	0.442719	1.00013e-007	4.84221e-009	20.6542	13.1501	20.5984	19.968
0.68	-0.22	0.714703	1.70007e-008	7.26072e-009	2.34145	3.69484	8.08076	7.9872
0.18	0.81	0.829759	9.78606e-009	9.30177e-009	1.05206	0.220405	4.81498	3.9936
0.35	0.21	0.408167	1.35093e-007	4.68862e-009	28.8126	14.5958	22.74	19.968
0.76	0.2	0.785875	1.19652e-008	8.2316e-009	1.45357	1.62435	6.01195	5.3248
-0.45	-0.3	0.540833	4.76867e-008	5.491e-009	8.68445	9.38742	15.2085	11.9808
0.21	-0.27	0.342053	2.59768e-007	4.41309e-009	58.8626	17.6984	27.4095	19.968
0.58	-0.72	0.924554	6.55814e-009	1.02985e-008	0.636804	-1.95994	3.30052	2.6624
0.07	0.54	0.544518	4.65034e-008	5.50899e-009	8.4413	9.26409	15.0381	11.9808
0.37	0.27	0.458039	8.8184e-008	4.94106e-009	17.847	12.5157	19.6684	15.964
-0.57	-0.09	0.577062	3.75153e-008	5.68031e-009	6.6044	8.19833	13.5889	11.9808
-0.87	-0.14	0.881192	7.83373e-009	9.47619e-009	0.826672	-0.82667	4.03565	3.9936
-0.02	0.3	0.300666	4.18619e-007	4.2811e-009	97.7821	19.9026	30.7644	19.968
0.08	-0.65	0.654905	2.34894e-008	6.58066e-009	3.56943	5.52599	10.1772	7.9872
-0.19	-0.56	0.591354	3.42683e-008	5.8103e-009	5.89782	7.70692	12.9357	11.9808
-0.29	-0.54	0.612944	3.00105e-008	5.92837e-009	5.06216	7.04336	12.0706	11.9808
-0.06	-0.42	0.424264	1.17078e-007	4.76236e-009	24.5839	13.9065	21.7154	19.968
-0.44	-0.01	0.440114	1.02221e-007	4.82077e-009	21.2041	13.2642	20.7664	19.968
-0.53	-0.3	0.609016	3.0733e-008	6.10518e-009	5.03389	7.01903	12.0393	11.9808
-0.58	-0.25	0.631585	2.68616e-008	6.31653e-009	4.25256	6.2865	11.1104	10.6496
0	0.15	0.15	5.4852e-006	3.95716e-009	1386.13	31.418	48.4616	19.968
0.83	-0.08	0.833847	9.60974e-009	8.41787e-009	1.14158	0.575074	5.101	3.9936
-0.68	0.54	0.868332	8.27167e-009	1.07314e-008	0.770789	-1.13065	3.82754	2.6624
-0.61	-0.62	0.86977	8.22117e-009	9.90012e-009	0.830407	-0.807088	4.04934	3.9936
-0.21	0.79	0.817435	1.03432e-008	8.83696e-009	1.17044	0.683482	5.19065	3.9936
0.2	-0.71	0.737631	1.5126e-008	7.45541e-009	2.02885	3.0725	7.42287	5.3248
-0.09	-0.39	0.40025	1.45246e-007	4.64669e-009	31.2577	14.9496	23.268	19.968
0.76	0.39	0.854225	8.78846e-009	1.06907e-008	0.822064	-0.850945	4.01873	3.9936
-0.04	0.48	0.481664	7.32112e-008	5.08097e-009	14.4088	11.5863	18.3192	15.964
0.46	-0.19	0.497695	6.48585e-008	5.17741e-009	12.5271	10.9785	17.4468	15.964
-0.13	0.64	0.65307	2.37345e-008	6.49415e-009	3.65473	5.62855	10.3011	7.9872
0.88	0.15	0.892693	7.46677e-009	9.76131e-009	0.764933	-1.16377	3.80535	2.6624
-0.04	-0.52	0.521536	5.45478e-008	5.34601e-009	10.2034	10.0874	16.1844	15.964
0.51	0.83	0.974166	5.4049e-009	1.04319e-008	0.518113	-2.85575	2.7963	2.6624
-0.18	0.32	0.367151	1.99896e-007	4.5039e-009	44.3824	16.4721	25.5546	19.968
0.27	-0.73	0.778332	1.24e-008	7.82939e-009	1.58376	1.99691	6.35828	5.3248
0.72	-0.19	0.744648	1.46054e-008	7.57802e-009	1.92732	2.84954	7.19449	5.3248
0.46	0.25	0.523546	5.37772e-008	5.36411e-009	10.0253	10.011	16.077	15.964
-0.7	-0.3	0.761577	1.34397e-008	8.21514e-009	1.63596	2.13771	6.49223	5.3248
0.6	0.44	0.744043	1.46493e-008	7.90643e-009	1.85283	2.67835	7.02182	5.3248
-0.08	0.35	0.359026	2.17151e-007	4.47778e-009	48.4949	16.857	26.1356	19.968
-0.05	-0.59	0.592115	3.41058e-008	5.92662e-009	5.75464	7.60018	12.7952	11.9808
0.83	0.21	0.856154	8.71541e-009	9.5505e-009	0.912557	-0.397401	4.3434	3.9936
0.16	-0.48	0.505964	6.1022e-008	5.1983e-009	11.7387	10.6962	17.0446	15.964
-0.45	0.41	0.608769	3.0779e-008	6.02616e-009	5.10754	7.08211	12.1206	11.9808
0.87	0.09	0.874643	8.05298e-009	9.06654e-009	0.888205	-0.514869	4.25757	3.9936
0.12	-0.26	0.286356	5.01389e-007	4.23758e-009	118.318	20.7305	32.0295	19.968
-0.38	-0.02	0.380526	1.75109e-007	4.55648e-009	38.4304	15.8467	24.6129	19.968
0.28	-0.41	0.496488	6.54438e-008	5.12476e-009	12.77	11.0619	17.5661	15.964
0.25	0.32	0.406079	1.3768e-007	4.66581e-009	29.5081	14.6994	22.8945	19.968
-0.39	0.48	0.618466	2.9031e-008	6.01983e-009	4.82253	6.83275	11.8005	10.6496
0.08	-0.65	0.654905	2.34894e-008	6.58066e-009	3.56943	5.52599	10.1772	7.9872
0.59	-0.61	0.848646	9.00413e-009	9.37183e-009	0.960761	-0.173845	4.51014	3.9936
0.71	-0.16	0.727805	1.58955e-008	7.26245e-009	2.18871	3.40189	7.76738	5.3248
-0.8	0	0.8	1.1202e-008	7.84184e-009	1.42849	1.54877	5.94313	5.3248
0.5	0.5	0.707107	1.76862e-008	7.06781e-009	2.50235	3.98348	8.39579	7.9872
-0.23	0.15	0.274591	5.85589e-007	4.20669e-009	139.203	21.4365	33.1099	19.968
0.54	0.71	0.89202	7.48762e-009	9.47533e-009	0.790219	-1.02253	3.90063	2.6624
0.36	0.65	0.743034	1.4723e-008	7.17091e-009	2.05315	3.1242	7.47638	5.3248
0.06	-0.3	0.305941	3.92527e-007	4.29645e-009	91.36	19.6076	30.3141	19.968
0.54	-0.45	0.702922	1.80789e-008	7.15761e-009	2.52582	4.02402	8.44052	7.9872
0.53	-0.29	0.604152	3.16583e-008	6.05494e-009	5.22849	7.18376	12.252	11.9808
0.41	-0.41	0.579828	3.68574e-008	5.74646e-009	6.41389	8.07121	13.4189	11.9808
-0.68	-0.55	0.874586	8.05492e-009	1.08686e-008	0.741113	-1.30115	3.71433	2.6624
-0.7	0.4	0.806226	1.08853e-008	9.35455e-009	1.16363	0.658158	5.16961	3.9936
0.19	0.02	0.19105	2.24124e-006	4.0212e-009	557.351	27.4613	42.3662	19.968
0.4	0.07	0.406079	1.3768e-007	4.66709e-009	29.5	14.6982	22.8927	19.968
-0.09	-0.55	0.557315	4.26734e-008	5.60126e-009	7.61849	8.81869	14.4274	11.9808
0.48	0.39	0.618466	2.9031e-008	6.15484e-009	4.71674	6.73642	11.6777	10.6496
-0.29	-0.44	0.526972	5.24946e-008	5.31012e-009	9.88569	9.95007	15.9917	15.964
0.03	0.09	0.0948683	2.98801e-005	3.89646e-009	7668.43	38.8471	59.9156	19.968
0.13	0.58	0.59439	3.36252e-008	5.89151e-009	5.70735	7.56435	12.7481	11.9808
0.28	-0.84	0.885438	7.69565e-009	9.85783e-009	0.780661	-1.07538	3.86477	2.6624
0.28	-0.75	0.800562	1.1173e-008	8.14576e-009	1.37162	1.37235	5.78442	5.3248
-0.6	-0.4	0.72111	1.64484e-008	7.56169e-009	2.17522	3.37503	7.73897	5.3248
0.6	0.37	0.704911	1.78909e-008	7.31987e-009	2.44415	3.88127	8.28353	7.9872
-0.5	0.37	0.622013	2.84232e-008	6.21518e-009	4.57316	6.60216	11.5073	10.6496
-0.01	-0.65	0.650077	2.41413e-008	6.56504e-009	3.67723	5.65521	10.3334	7.9872
-0.19	0.37	0.415933	1.25993e-007	4.70738e-009	26.7646	14.2756	22.2633	19.968
0.22	-0.43	0.483011	7.24582e-008	5.04616e-009	14.359	11.5712	18.2975	15.964
-0.15	-0.65	0.667083	2.19414e-008	6.62688e-009	3.31095	5.19952	9.78717	7.9872
0.31	0.13	0.336155	2.77035e-007	4.39609e-009	63.0179	17.9946	27.859	19.968
-0.86	-0.16	0.874757	8.04908e-009	9.5105e-009	0.846333	-0.724586	4.10736	3.9936
0.21	-0.36	0.416773	1.25055e-007	4.71079e-009	26.5462	14.24	22.2104	19.968
-0.44	0.1	0.451221	9.32161e-008	4.88769e-009	19.0715	12.8038	20.09	19.968
0.77	0.24	0.806536	1.08698e-008	8.79292e-009	1.2362	0.920874	5.39057	5.3248
0.55	0.03	0.550818	4.45658e-008	5.46755e-009	8.15089	9.11205	14.8289	11.9808
0.34	-0.58	0.672309	2.13169e-008	6.44475e-009	3.30762	5.19515	9.78199	7.9872
-0.71	0.21	0.740405	1.49174e-008	7.58572e-009	1.9665	2.93694	7.28354	5.3248
-0.01	-0.3	0.300167	4.21201e-007	4.27966e-009	98.4183	19.9308	30.8074	19.968
0.28	-0.28	0.39598	1.51126e-007	4.62655e-009	32.6647	15.1408	23.554	19.968
0.56	-0.33	0.65	2.41519e-008	6.56457e-009	3.6791	5.65742	10.3361	7.9872
-0.15	-0.03	0.152971	5.1013e-006	3.96122e-009	1287.8	31.0985	47.9691	19.968
-0.32	-0.61	0.68884	1.94847e-008	6.60996e-009	2.94775	4.69491	9.19765	7.9872
-0.02	-0.43	0.430465	1.10958e-007	4.79652e-009	23.1329	13.6423	21.3243	19.968
-0.74	0.38	0.831865	9.69469e-009	1.00107e-008	0.968432	-0.13931	4.53629	3.9936
0.1	-0.15	0.180278	2.77809e-006	4.00277e-009	694.035	28.4138	43.8329	19.968
0.34	0.73	0.805295	1.09319e-008	7.999e-009	1.36665	1.35659	5.77037	5.3248
-0.32	-0.71	0.778781	1.23735e-008	7.67489e-009	1.6122	2.07419	6.43159	5.3248
-0.31	0.84	0.895377	7.38428e-009	9.82406e-009	0.751649	-1.23985	3.75474	2.6624
0.42	0.53	0.67624	2.08621e-008	6.55682e-009	3.18172	5.02662	9.58331	7.9872
-0.35	0.17	0.389102	1.61249e-007	4.60264e-009	35.0338	15.4449	24.0095	19.968
0.46	-0.75	0.87983	7.87872e-009	8.93905e-009	0.881378	-0.548379	4.23331	3.9936
-0.25	-0.28	0.375366	1.84181e-007	4.53897e-009	40.5773	16.0828	24.968	19.968
-0.42	0.27	0.4993	6.40905e-008	5.19529e-009	12.3362	10.9118	17.3516	15.964
-0.95	0.07	0.952575	5.87222e-009	1.02455e-008	0.573148	-2.41733	3.03483	2.6624
-0.44	0.78	0.895545	7.37917e-009	9.1578e-009	0.805776	-0.937854	3.95859	2.6624
-0.46	-0.81	0.931504	6.37891e-009	9.70905e-009	0.657003	-1.82432	3.38268	2.6624
-0.39	0.34	0.517397	5.61798e-008	5.29843e-009	10.603	10.2543	16.4191	15.964
0.37	0.2	0.420595	1.20902e-007	4.74774e-009	25.465	14.0594	21.9422	19.968
0.62	0.49	0.790253	1.17218e-008	8.73174e-009	1.34243	1.27892	5.70146	5.3248
-0.54	-0.73	0.90802	7.01096e-009	9.68266e-009	0.724071	-1.40219	3.64845	2.6624
-0.26	0.59	0.644748	2.48878e-008	6.22522e-009	3.99788	6.0183	10.7775	10.6496
0.26	-0.32	0.412311	1.30137e-007	4.69437e-009	27.7216	14.4282	22.4903	19.968
0.46	-0.71	0.845991	9.10915e-009	8.48919e-009	1.07302	0.306096	4.88307	3.9936
0.29	-0.46	0.543783	4.67364e-008	5.41857e-009	8.62516	9.35767	15.1673	11.9808
0.46	0.04	0.461736	8.56e-008	4.93236e-009	17.3547	12.3942	19.4911	15.964
-0.52	-0.45	0.687677	1.96068e-008	6.92532e-009	2.83116	4.51964	8.99684	7.9872
0.15	0.3	0.33541	2.79317e-007	4.38949e-009	63.6326	18.0368	27.923	19.968
0.5	-0.74	0.893085	7.45465e-009	9.23808e-009	0.806945	-0.931559	3.96292	2.6624
0.23	0.47	0.523259	5.38863e-008	5.28732e-009	10.1915	10.0824	16.1773	15.964
0.59	-0.51	0.779872	1.23096e-008	8.38647e-009	1.46779	1.66663	6.05065	5.3248
-0.61	0.66	0.898721	7.28312e-009	1.03301e-008	0.705038	-1.51787	3.57409	2.6624
0.43	0.3	0.524309	5.34881e-008	5.36499e-009	9.96976	9.98685	16.0432	15.964
0.59	0.56	0.813449	1.05319e-008	8.87008e-009	1.18735	0.745776	5.24263	3.9936
0.55	0.13	0.565155	4.05238e-008	5.61719e-009	7.21421	8.58189	14.1056	11.9808
0.53	0.64	0.830963	9.73368e-009	8.63346e-009	1.12743	0.520905	5.0566	3.9936
-0.47	0.39	0.610737	3.04137e-008	6.07202e-009	5.00879	6.99733	12.0114	11.9808
0.46	-0.67	0.812712	1.05673e-008	8.07977e-009	1.30787	1.16564	5.60189	5.3248
-0.52	0	0.52	5.51465e-008	5.26364e-009	10.4768	10.2023	16.3459	15.964
0.13	0.56	0.574891	3.8042e-008	5.72063e-009	6.64992	8.22816	13.6288	11.9808
-0.05	0.32	0.323883	3.17904e-007	4.35408e-009	73.0122	18.634	28.8307	19.968
0.67	-0.19	0.696419	1.87115e-008	6.95495e-009	2.69036	4.29811	8.74604	7.9872
-0.21	-0.64	0.673573	2.11694e-008	6.59324e-009	3.21075	5.06606	9.62964	7.9872
0.66	0.44	0.793221	1.15603e-008	8.98451e-009	1.28669	1.09475	5.54015	5.3248
0.49	-0.86	0.989798	5.09575e-009	1.06632e-008	0.477881	-3.2068	2.61639	1.3312
-0.17	-0.84	0.85703	8.68251e-009	1.00767e-008	0.861635	-0.646766	4.16265	3.9936
0.03	0.06	0.067082	0.000107718	3.87648e-009	27787.2	44.4384	68.5387	19.968
-0.81	0.07	0.813019	1.05525e-008	8.10047e-009	1.3027	1.14845	5.58688	5.3248
-0.27	-0.6	0.657951	2.30894e-008	6.34264e-009	3.64033	5.6114	10.2803	7.9872
-0.61	0.34	0.698355	1.85203e-008	7.22231e-009	2.5643	4.08969	8.51323	7.9872
0.67	0.52	0.848116	9.02498e-009	1.01925e-008	0.885452	-0.528349	4.2478	3.9936
0.53	0.74	0.91022	6.94847e-009	9.63628e-009	0.72107	-1.42022	3.63678	2.6624
-0.1	0.61	0.618142	2.90872e-008	6.14939e-009	4.73007	6.74868	11.6933	10.6496
-0.01	0.68	0.680074	2.04302e-008	6.95677e-009	2.93672	4.67863	9.17891	7.9872
0.64	0	0.64	2.55779e-008	6.15292e-009	4.157	6.1878	10.9875	10.6496
-0.34	-0.34	0.480833	7.36805e-008	5.05578e-009	14.5734	11.6356	18.3904	15.964
0.25	-0.65	0.696419	1.87115e-008	6.78119e-009	2.7593	4.40799	8.87001	7.9872
-0.59	0.37	0.696419	1.87115e-008	7.18789e-009	2.60318	4.15504	8.5859	7.9872
-0.02	-0.42	0.420476	1.21029e-007	4.7469e-009	25.4961	14.0647	21.9501	19.968
-0.29	0.43	0.518652	5.56786e-008	5.25843e-009	10.5884	10.2483	16.4107	15.964
0.25	0.32	0.406079	1.3768e-007	4.66581e-009	29.5081	14.6994	22.8945	19.968
-0.37	-0.09	0.380789	1.74662e-007	4.56183e-009	38.2875	15.8306	24.5886	19.968
-0.9	-0.06	0.901998	7.18571e-009	9.36587e-009	0.76722	-1.1508	3.81402	2.6624
-0.26	-0.75	0.793788	1.15298e-008	8.12177e-009	1.41961	1.52169	5.9186	5.3248
0.72	0.23	0.755844	1.38207e-008	7.88489e-009	1.75281	2.43734	6.78276	5.3248
0.33	0.26	0.420119	1.21409e-007	4.74214e-009	25.602	14.0827	21.9768	19.968
0.36	0.2	0.411825	1.30705e-007	4.70576e-009	27.7753	14.4366	22.5028	19.968
0.69	-0.06	0.692604	1.90957e-008	6.6722e-009	2.86197	4.56664	9.05048	7.9872
-0.8	0.15	0.813941	1.05084e-008	8.42538e-009	1.24722	0.959445	5.42353	5.3248
-0.2	-0.33	0.385876	1.66293e-007	4.5779e-009	36.325	15.6021	24.2453	19.968
-0.57	-0.07	0.574282	3.81915e-008	5.6482e-009	6.76165	8.30053	13.726	11.9808
-0.31	-0.69	0.756439	1.37805e-008	7.39822e-009	1.86267	2.70137	7.0449	5.3248
-0.14	-0.09	0.166433	3.73373e-006	3.98085e-009	937.913	29.7216	45.8475	19.968
-0.16	-0.03	0.162788	4.05252e-006	3.97532e-009	1019.41	30.0835	46.405	19.968
0.08	-0.34	0.349285	2.40417e-007	4.44144e-009	54.1298	17.3344	26.8578	19.968
-0.64	-0.61	0.884138	7.73759e-009	1.05187e-008	0.735604	-1.33356	3.6931	2.6624
0.81	-0.27	0.853815	8.80408e-009	9.9789e-009	0.882266	-0.544003	4.23647	3.9936
0.28	0.62	0.680294	2.04057e-008	6.55754e-009	3.11178	4.93009	9.47033	7.9872
0.2	0.25	0.320156	3.31811e-007	4.33962e-009	76.4601	18.8344	29.1357	19.968
0.67	0.22	0.705195	1.78643e-008	7.13551e-009	2.50356	3.98558	8.39811	7.9872
-0.65	-0.36	0.743034	1.4723e-008	7.97258e-009	1.8467	2.66396	7.00742	5.3248
0.81	0.24	0.844808	9.15643e-009	9.54984e-009	0.9588	-0.18272	4.50343	3.9936
0.51	-0.01	0.510098	5.92122e-008	5.20299e-009	11.3803	10.5616	16.8535	15.964
-0.71	0.44	0.835284	9.54867e-009	1.01355e-008	0.942097	-0.259044	4.44607	3.9936
0.81	0.19	0.831986	9.6895e-009	8.95253e-009	1.08231	0.343537	4.91302	3.9936
0.8	-0.16	0.815843	1.0418e-008	8.50648e-009	1.22471	0.880337	5.35608	5.3248
0.53	0.26	0.590339	3.4487e-008	5.91379e-009	5.83158	7.65786	12.871	11.9808
-0.25	-0.33	0.414005	1.28177e-007	4.70069e-009	27.2675	14.3565	22.3835	19.968
-0.15	0.57	0.589406	3.46892e-008	5.82896e-009	5.95115	7.74601	12.9872	11.9808
0.51	0.46	0.686804	1.96992e-008	6.88676e-009	2.86043	4.56431	9.04782	7.9872
0.47	-0.43	0.637024	2.60227e-008	6.30511e-009	4.12722	6.15657	10.9487	10.6496
-0.28	-0.13	0.308707	3.79672e-007	4.3057e-009	88.1781	19.4536	30.0793	19.968
-0.55	0.51	0.750067	1.42187e-008	7.76544e-009	1.83102	2.62692	6.97041	5.3248
0.29	0.36	0.462277	8.52298e-008	4.93996e-009	17.253	12.3686	19.4539	15.964
-0.35	-0.44	0.562228	4.131e-008	5.56667e-009	7.4209	8.70456	14.272	11.9808
-0.46	0.21	0.505668	6.11545e-008	5.23406e-009	11.6838	10.6759	17.0157	15.964
-0.52	0.06	0.52345	5.38135e-008	5.2942e-009	10.1645	10.0709	16.1611	15.964
0.44	0.23	0.496488	6.54438e-008	5.1771e-009	12.6409	11.0178	17.503	15.964
-0.59	0.12	0.60208	3.20634e-008	5.9021e-009	5.43251	7.35001	12.4678	11.9808
-0.95	-0.08	0.953362	5.8543e-009	1.03204e-008	0.567254	-2.46223	3.00968	2.6624
0.69	0.07	0.693542	1.90004e-008	6.69305e-009	2.8388	4.53135	9.01019	7.9872
0.3	-0.01	0.300167	4.21201e-007	4.27727e-009	98.4733	19.9332	30.8111	19.968
-0.13	0.59	0.604152	3.16583e-008	5.98213e-009	5.29212	7.23629	12.32	11.9808
-0.26	0.47	0.537122	4.89171e-008	5.37342e-009	9.10346	9.59207	15.4922	11.9808
0.07	-0.3	0.308058	3.82638e-007	4.30272e-009	88.9284	19.4904	30.1354	19.968
0.07	-0.56	0.564358	4.07359e-008	5.66944e-009	7.18513	8.56434	14.0818	11.9808
-0.46	0.81	0.931504	6.37891e-009	9.70905e-009	0.657003	-1.82432	3.38268	2.6624
-0.35	-0.69	0.773692	1.26773e-008	7.54739e-009	1.67969	2.25228	6.60244	5.3248
-0.66	0.19	0.686804	1.96992e-008	6.84111e-009	2.87951	4.59319	9.08085	7.9872
0.16	0.26	0.305287	3.95649e-007	4.2926e-009	92.1693	19.6459	30.3726	19.968
-0.32	-0.03	0.321403	3.27073e-007	4.34322e-009	75.3058	18.7683	29.0351	19.968
-0.65	0.12	0.660984	2.26999e-008	6.43651e-009	3.52671	5.4737	10.1143	7.9872
-0.61	-0.41	0.734983	1.53287e-008	7.79569e-009	1.96629	2.93647	7.28306	5.3248
-0.35	-0.13	0.373363	1.87864e-007	4.53507e-009	41.4244	16.1726	25.1031	19.968
0.34	-0.57	0.663702	2.23579e-008	6.36523e-009	3.51247	5.45613	10.0932	7.9872
0.42	-0.54	0.684105	1.99883e-008	6.62896e-009	3.01528	4.79327	9.31125	7.9872
0.67	0.48	0.824197	1.00327e-008	9.68261e-009	1.03615	0.154221	4.76284	3.9936
0.3	-0.67	0.734098	1.53971e-008	7.13621e-009	2.1576	3.3397	7.70169	5.3248
0.71	-0.15	0.725672	1.60691e-008	7.20828e-009	2.22924	3.48157	7.85197	5.3248
0.57	0.09	0.577062	3.75153e-008	5.68031e-009	6.6044	8.19833	13.5889	11.9808
0.27	-0.04	0.272947	5.98744e-007	4.2012e-009	142.516	21.5386	33.2664	19.968
0.36	-0.27	0.45	9.41551e-008	4.89606e-009	19.2306	12.8399	20.1429	19.968
-0.38	0.6	0.710211	1.74019e-008	6.82625e-009	2.54925	4.06412	8.48488	7.9872
0.19	0.52	0.553624	4.37355e-008	5.51158e-009	7.93514	8.99555	14.6691	11.9808
0.52	-0.8	0.954149	5.83647e-009	1.01751e-008	0.573604	-2.41388	3.03676	2.6624
0.06	0.57	0.573149	3.84715e-008	5.74941e-009	6.69135	8.25514	13.665	11.9808
-0.41	-0.78	0.881192	7.83373e-009	8.9781e-009	0.872533	-0.59218	4.20175	3.9936
-0.51	-0.51	0.721249	1.64367e-008	7.25519e-009	2.2655	3.55164	7.92677	5.3248
-0.44	-0.7	0.826801	9.91622e-009	8.20718e-009	1.20823	0.821503	5.30628	3.9936
0.5	-0.27	0.568243	3.9715e-008	5.71903e-009	6.9443	8.41629	13.8818	11.9808
-0.23	-0.12	0.259422	7.22607e-007	4.16721e-009	173.401	22.3905	34.572	19.968
0.05	0.4	0.403113	1.41466e-007	4.66338e-009	30.3352	14.8195	23.0737	19.968
-0.71	0.43	0.83006	9.77292e-009	9.99294e-009	0.977979	-0.0967066	4.5687	3.9936
0.43	0.49	0.65192	2.38897e-008	6.35878e-009	3.75694	5.74834	10.4466	7.9872
0.41	0.13	0.430116	1.11292e-007	4.78691e-009	23.249	13.664	21.3565	19.968
-0.82	-0.18	0.839524	9.37148e-009	9.02055e-009	1.0389	0.165734	4.77188	3.9936
-0.11	0.38	0.395601	1.51663e-007	4.6241e-009	32.798	15.1585	23.5804	19.968
0.33	0.35	0.481041	7.35627e-008	5.05298e-009	14.5582	11.6311	18.3839	15.964
0.09	0.18	0.201246	1.84901e-006	4.03971e-009	457.703	26.6058	41.0494	19.968
-0.06	0.21	0.218403	1.36606e-006	4.07343e-009	335.356	25.2551	38.9714	19.968
-0.2	0.65	0.680074	2.04302e-008	6.68741e-009	3.05501	4.85013	9.3772	7.9872
-0.44	-0.4	0.594643	3.35724e-008	5.89704e-009	5.69306	7.55346	12.7338	11.9808
-0.51	0.66	0.834086	9.59952e-009	8.54673e-009	1.12318	0.504474	5.04318	3.9936
-0.94	0.09	0.944299	6.06492e-009	1.02282e-008	0.59296	-2.26975	3.11865	2.6624
0.22	0.82	0.848999	8.99027e-009	9.48085e-009	0.948252	-0.230762	4.46727	3.9936
-0.7	0.18	0.722772	1.63089e-008	7.2558e-009	2.24769	3.51737	7.89014	5.3248
0.46	-0.84	0.957706	5.75667e-009	1.01477e-008	0.567289	-2.46196	3.00983	2.6624
-0.81	-0.05	0.811542	1.06238e-008	8.03577e-009	1.32206	1.2125	5.64295	5.3248
-0.72	0.37	0.809506	1.0723e-008	9.40529e-009	1.1401	0.569415	5.09635	3.9936
-0.13	-0.18	0.222036	1.28518e-006	4.08081e-009	314.929	24.9821	38.5518	19.968
0	0.33	0.33	2.96639e-007	4.37549e-009	67.7951	18.312	28.3411	19.968
-0.12	0.45	0.465725	8.29182e-008	4.96981e-009	16.6843	12.2231	19.2418	15.964
0.71	0.04	0.711126	1.73192e-008	6.84337e-009	2.53079	4.03255	8.44995	7.9872
0.66	0.34	0.742428	1.47675e-008	7.94657e-009	1.85834	2.69126	7.03476	5.3248
-0.25	-0.24	0.346554	2.475e-007	4.43136e-009	55.8515	17.4703	27.0638	19.968
-0.33	-0.32	0.459674	8.70294e-008	4.93802e-009	17.6242	12.4611	19.5887	15.964
0.46	0.23	0.514296	5.74437e-008	5.2963e-009	10.8459	10.3527	16.5579	15.964
0.38	0.45	0.588982	3.47818e-008	5.78234e-009	6.01513	7.79245	13.0486	11.9808
0.09	-0.8	0.805047	1.09444e-008	9.16112e-009	1.19465	0.772418	5.26497	3.9936
-0.46	-0.6	0.756042	1.38073e-008	7.44254e-009	1.85518	2.68386	7.02734	5.3248
0.04	0.63	0.631269	2.69115e-008	6.33516e-009	4.24793	6.28177	11.1045	10.6496
-0.74	0.08	0.744312	1.46298e-008	7.2621e-009	2.01452	3.04173	7.39111	5.3248
-0.73	-0.19	0.754321	1.39243e-008	7.71399e-009	1.80506	2.56491	6.90871	5.3248
0.01	0.82	0.820061	1.02211e-008	9.71755e-009	1.05182	0.219409	4.81419	3.9936
-0.2	-0.6	0.632456	2.67251e-008	6.17475e-009	4.32809	6.36297	11.2061	10.6496
-0.61	0.15	0.628172	2.74056e-008	6.16412e-009	4.44596	6.47965	11.3526	10.6496
-0.74	-0.22	0.77201	1.27798e-008	8.09992e-009	1.57776	1.98042	6.3427	5.3248
0.14	-0.03	0.143178	6.51606e-006	3.94808e-009	1650.42	32.176	49.6298	19.968
-0.48	0.36	0.6	3.24766e-008	5.9906e-009	5.42122	7.34097	12.4561	11.9808
-0.5	0.38	0.628013	2.74313e-008	6.27266e-009	4.37313	6.40792	11.2625	10.6496
-0.88	-0.17	0.89627	7.35709e-009	1.00037e-008	0.735431	-1.33458	3.69244	2.6624
0.84	0.1	0.845931	9.1115e-009	8.67202e-009	1.05067	0.214675	4.81045	3.9936
-0.31	-0.29	0.4245	1.16838e-007	4.75872e-009	24.5522	13.9009	21.7071	19.968
-0.05	0.62	0.622013	2.84232e-008	6.22847e-009	4.5634	6.59288	11.4956	10.6496
0.49	-0.29	0.569386	3.94208e-008	5.72982e-009	6.8799	8.37582	13.8273	11.9808
0.56	0.18	0.588218	3.49494e-008	5.84097e-009	5.98344	7.76951	13.0183	11.9808
-0.23	0.42	0.478853	7.48139e-008	5.02221e-009	14.8965	11.7308	18.528	15.964
0.56	0.04	0.561427	4.15284e-008	5.5436e-009	7.49119	8.74551	14.3277	11.9808
-0.36	-0.5	0.616117	2.94426e-008	5.97201e-009	4.93007	6.92853	11.9231	10.6496
-0.62	-0.03	0.620725	2.86419e-008	5.99493e-009	4.77766	6.79215	11.7487	10.6496
0.6	0.51	0.787464	1.18762e-008	8.56175e-009	1.38711	1.42111	5.82802	5.3248
0.23	-0.85	0.880568	7.8543e-009	1.0205e-008	0.769647	-1.13709	3.82321	2.6624
-0.62	-0.56	0.835464	9.54108e-009	9.47351e-009	1.00713	0.030848	4.66669	3.9936
-0.52	0.83	0.979439	5.29803e-009	1.0546e-008	0.502372	-2.98974	2.72648	2.6624
0.07	0.17	0.183848	2.58365e-006	4.00876e-009	644.496	28.0922	43.3377	19.968
-0.75	0.22	0.781601	1.22091e-008	8.25548e-009	1.47891	1.69941	6.08077	5.3248
-0.68	0.46	0.820975	1.01791e-008	9.66617e-009	1.05306	0.224533	4.81825	3.9936
-0.91	-0.1	0.915478	6.80194e-009	9.79313e-009	0.694559	-1.58291	3.5328	2.6624
-0.81	0.21	0.83678	9.48569e-009	9.17394e-009	1.03398	0.145116	4.7557	3.9936
-0.13	0.36	0.382753	1.71368e-007	4.56798e-009	37.5148	15.742	24.4555	19.968
-0.06	0.31	0.315753	3.49256e-007	4.32727e-009	80.7098	19.0693	29.4935	19.968
0.32	-0.67	0.742496	1.47626e-008	7.20423e-009	2.04914	3.11572	7.46759	5.3248
-0.03	0.04	0.05	0.000319552	3.86764e-009	82621.1	49.1709	75.8375	19.968
0.05	0.06	0.0781025	6.13578e-005	3.88357e-009	15799.2	41.9863	64.757	19.968
-0.4	-0.59	0.712811	1.71682e-008	6.87159e-009	2.49841	3.97664	8.38825	7.9872
0.72	-0.38	0.814125	1.04996e-008	9.53875e-009	1.10073	0.416794	4.97198	3.9936
0.26	0.41	0.485489	7.10992e-008	5.05973e-009	14.0519	11.4773	18.1623	15.964
0.77	-0.09	0.775242	1.25838e-008	7.66029e-009	1.64272	2.15565	6.50941	5.3248
0.28	-0.15	0.317648	3.41611e-007	4.33434e-009	78.8142	18.966	29.3362	19.968
-0.28	0.4	0.488262	6.96167e-008	5.07801e-009	13.7093	11.3702	18.0081	15.964
0.48	-0.49	0.68593	1.97922e-008	6.79021e-009	2.9148	4.64609	9.1415	7.9872
0.27	0.82	0.863308	8.45118e-009	9.4238e-009	0.896787	-0.473105	4.28795	3.9936
-0.14	0.06	0.152315	5.18295e-006	3.96033e-009	1308.7	31.1684	48.0769	19.968
-0.25	0.65	0.696419	1.87115e-008	6.78119e-009	2.7593	4.40799	8.87001	7.9872
0.23	0.05	0.235372	1.03571e-006	4.10972e-009	252.012	24.0142	37.0642	19.968
0.1	0.32	0.335261	2.79777e-007	4.39065e-009	63.7206	18.0428	27.9321	19.968
0.36	-0.25	0.438292	1.03802e-007	4.83568e-009	21.4656	13.3174	20.8448	19.968
0.19	-0.8	0.822253	1.01207e-008	9.0644e-009	1.11653	0.47869	5.02217	3.9936
0.11	-0.6	0.61	3.05499e-008	6.05798e-009	5.04289	7.02679	12.0493	11.9808
-0.45	-0.68	0.815414	1.04383e-008	8.08619e-009	1.29088	1.10885	5.55239	5.3248
-0.07	-0.48	0.485077	7.1323e-008	5.09642e-009	13.9946	11.4596	18.1367	15.964
0.46	-0.5	0.679412	2.0504e-008	6.67372e-009	3.07233	4.87468	9.40575	7.9872
-0.86	0.07	0.862844	8.46799e-009	8.80444e-009	0.961782	-0.169233	4.51362	3.9936
0.55	-0.73	0.914002	6.84266e-009	9.8455e-009	0.695001	-1.58014	3.53454	2.6624
-0.23	0.21	0.311448	3.67453e-007	4.3134e-009	85.1881	19.3038	29.8509	19.968
-0.02	0.3	0.300666	4.18619e-007	4.2811e-009	97.7821	19.9026	30.7644	19.968
0.4	-0.18	0.438634	1.03502e-007	4.83676e-009	21.399	13.3039	20.8249	19.968
-0.11	0.11	0.155563	4.79371e-006	3.96486e-009	1209.04	30.8244	47.5467	19.968
-0.72	-0.39	0.818841	1.02776e-008	9.67518e-009	1.06226	0.262314	4.8482	3.9936
-0.25	0.47	0.532353	5.05581e-008	5.34304e-009	9.46235	9.75999	15.726	11.9808
0.16	-0.63	0.65	2.41519e-008	6.41395e-009	3.7655	5.75823	10.4586	7.9872
-0.29	0.32	0.431856	1.09641e-007	4.78905e-009	22.894	13.5972	21.2577	19.968
0.41	0.26	0.485489	7.10992e-008	5.10684e-009	13.9223	11.4371	18.1043	15.964
0.75	0.09	0.755381	1.38521e-008	7.41448e-009	1.86824	2.71433	7.05792	5.3248
-0.41	-0.42	0.586941	3.52314e-008	5.79982e-009	6.07452	7.83512	13.1051	11.9808
0.55	-0.59	0.806598	1.08667e-008	8.47132e-009	1.28276	1.08146	5.52862	5.3248
0.78	-0.25	0.819085	1.02663e-008	9.09201e-009	1.12915	0.527512	5.062	3.9936
-0.19	-0.13	0.230217	1.12414e-006	4.09864e-009	274.268	24.3818	37.6289	19.968
-0.44	0.58	0.728011	1.58789e-008	7.09624e-009	2.23763	3.49789	7.86937	5.3248
0.53	0.08	0.536004	4.92957e-008	5.38302e-009	9.15756	9.6178	15.528	11.9808
-0.35	-0.02	0.350571	2.3717e-007	4.44258e-009	53.3851	17.2742	26.7667	19.968
-0.32	0.27	0.418688	1.22951e-007	4.73369e-009	25.9735	14.1453	22.0697	19.968
-0.04	0.55	0.551453	4.43762e-008	5.57384e-009	7.96145	9.00992	14.6888	11.9808
0.56	-0.29	0.630635	2.70117e-008	6.33266e-009	4.26543	6.29963	11.1268	10.6496
-0.19	0.08	0.206155	1.69126e-006	4.04921e-009	417.673	26.2084	40.4378	19.968
0.28	0.11	0.300832	4.17763e-007	4.28123e-009	97.5793	19.8936	30.7506	19.968
0.03	0.48	0.480937	7.36216e-008	5.07772e-009	14.4988	11.6133	18.3583	15.964
-0.65	-0.41	0.768505	1.29968e-008	8.46543e-009	1.53528	1.86186	6.23138	5.3248
0.78	-0.33	0.846936	9.07159e-009	1.02191e-008	0.887708	-0.517299	4.25581	3.9936
0.37	-0.77	0.854283	8.78624e-009	8.66102e-009	1.01445	0.0623206	4.69109	3.9936
-0.62	0.07	0.623939	2.80998e-008	6.04329e-009	4.64973	6.67427	11.5987	10.6496
0.91	0.15	0.92228	6.61817e-009	1.03281e-008	0.640793	-1.93282	3.31683	2.6624
0.31	0.1	0.32573	3.11284e-007	4.35962e-009	71.401	18.537	28.6833	19.968
-0.41	-0.47	0.623699	2.81399e-008	6.08807e-009	4.62212	6.64841	11.5659	10.6496
0.57	-0.45	0.726223	1.6024e-008	7.54832e-009	2.12284	3.26918	7.62757	5.3248
0.54	-0.45	0.702922	1.80789e-008	7.15761e-009	2.52582	4.02402	8.44052	7.9872
-0.23	-0.62	0.661287	2.26615e-008	6.42626e-009	3.52637	5.47327	10.1138	7.9872
-0.51	-0.65	0.826196	9.94311e-009	8.45168e-009	1.17646	0.705772	5.20921	3.9936
-0.43	-0.59	0.730068	1.57139e-008	7.09457e-009	2.21491	3.45356	7.82219	5.3248
0.42	-0.53	0.67624	2.08621e-008	6.55682e-009	3.18172	5.02662	9.58331	7.9872
-0.52	-0.49	0.714493	1.70192e-008	7.21912e-009	2.3575	3.72451	8.11286	7.9872
-0.18	-0.72	0.742159	1.47874e-008	7.59097e-009	1.94801	2.89592	7.24166	5.3248
0.28	0.69	0.744648	1.46054e-008	7.31468e-009	1.99671	3.00314	7.3514	5.3248
0.4	0.21	0.451774	9.27941e-008	4.90907e-009	18.9024	12.7652	20.0333	19.968
0.32	-0.24	0.4	1.45582e-007	4.64949e-009	31.3112	14.957	23.2791	19.968
-0.34	0.02	0.340588	2.63926e-007	4.40728e-009	59.8836	17.7731	27.5228	19.968
0.54	0.07	0.544518	4.65034e-008	5.43647e-009	8.5539	9.32164	15.1176	11.9808
0.08	-0.29	0.300832	4.17763e-007	4.2804e-009	97.5981	19.8944	30.7519	19.968
0.14	-0.55	0.567539	3.98976e-008	5.65234e-009	7.05856	8.48716	13.9774	11.9808
-0.76	0.1	0.766551	1.31198e-008	7.57716e-009	1.73149	2.3842	6.7307	5.3248
